1.693704 2.445409 
1.686580 2.444520 
1.681903 2.443192 
1.676918 2.442306 
1.666036 2.441852 
1.675014 2.440688 
1.666478 2.439944 
1.671687 2.438629 
1.660226 2.437735 
1.661588 2.437002 
1.656683 2.435969 
1.646300 2.435369 
1.647093 2.434196 
1.630423 2.433295 
1.637391 2.432569 
1.631603 2.431535 
1.634688 2.430805 
1.633983 2.429923 
1.622035 2.429028 
1.623252 2.427855 
1.608552 2.426517 
1.615100 2.425791 
1.611019 2.424758 
1.614540 2.424029 
1.611561 2.423291 
1.606270 2.422111 
1.605889 2.421376 
1.586800 2.420033 
1.579127 2.419143 
1.563102 2.418391 
1.553091 2.417058 
1.550425 2.416468 
1.548569 2.415292 
1.543043 2.414405 
1.538912 2.413373 
1.533750 2.411899 
1.523326 2.411154 
1.516842 2.409679 
1.509180 2.409377 
1.503464 2.408050 
1.497468 2.407162 
1.493214 2.406277 
1.490448 2.405100 
1.493961 2.404370 
1.482196 2.402889 
1.479060 2.402299 
1.463596 2.401108 
1.455379 2.400219 
1.454860 2.399631 
1.450843 2.398306 
1.457591 2.398020 
1.452258 2.396693 
1.459977 2.396261 
1.454730 2.394788 
1.463513 2.394063 
1.459223 2.393178 
1.467844 2.392013 
1.463991 2.391129 
1.459085 2.389802 
1.454436 2.388770 
1.443623 2.387731 
1.437554 2.386844 
1.426109 2.386099 
1.434651 2.385080 
1.425400 2.384337 
1.432184 2.383316 
1.422485 2.382573 
1.425038 2.381254 
1.412058 2.380067 
1.416113 2.379190 
1.401879 2.377855 
1.407173 2.377127 
1.399381 2.376091 
1.399457 2.375211 
1.394310 2.374178 
1.381991 2.373285 
1.384718 2.372408 
1.371755 2.371074 
1.367558 2.369895 
1.353157 2.368707 
1.350027 2.367970 
1.332499 2.366779 
1.331218 2.365897 
1.316249 2.364856 
1.310962 2.363971 
1.298638 2.362931 
1.288164 2.361748 
1.286339 2.361012 
1.282162 2.359688 
1.279523 2.358805 
1.284615 2.357635 
1.278409 2.356749 
1.282008 2.355872 
1.275796 2.354985 
1.275747 2.354252 
1.267454 2.353070 
1.264356 2.352187 
1.258810 2.350861 
1.250184 2.350266 
1.239336 2.348789 
1.230250 2.348194 
1.217142 2.346715 
1.206699 2.346119 
1.190876 2.344638 
1.185347 2.344046 
1.182354 2.342870 
1.178239 2.342132 
1.171951 2.341247 
1.163486 2.340212 
1.155841 2.339326 
1.147434 2.338145 
1.139255 2.337404 
1.131732 2.336224 
1.123611 2.335337 
1.115245 2.334010 
1.108911 2.333124 
1.100077 2.331797 
1.091615 2.330616 
1.079988 2.329433 
1.072726 2.328547 
1.061915 2.327512 
1.056898 2.326627 
1.042908 2.325590 
1.038849 2.324560 
1.023418 2.323668 
1.017602 2.322490 
1.003054 2.321599 
0.994895 2.320566 
0.989838 2.319682 
0.981213 2.318649 
0.984244 2.317917 
0.976517 2.316885 
0.977342 2.316005 
0.970968 2.314973 
0.966404 2.313943 
0.962291 2.312913 
0.958052 2.312176 
0.955750 2.311148 
0.956509 2.310415 
0.954144 2.309533 
0.958148 2.308655 
0.954477 2.307625 
0.959123 2.306308 
0.953110 2.305423 
0.953200 2.304102 
0.946265 2.303217 
0.936251 2.302037 
0.922970 2.301001 
0.907908 2.299818 
0.896831 2.298930 
0.883170 2.297601 
0.873902 2.296715 
0.865360 2.295096 
0.855617 2.294209 
0.847916 2.292737 
0.843198 2.291854 
0.835023 2.290382 
0.829890 2.289352 
0.819859 2.287879 
0.824822 2.286855 
0.812479 2.285380 
0.810544 2.284352 
0.799099 2.282878 
0.803603 2.281854 
0.804989 2.280534 
0.802535 2.279652 
0.802539 2.278331 
0.799568 2.277596 
0.794441 2.276419 
0.795211 2.275539 
0.786432 2.274214 
0.781703 2.273184 
0.776145 2.271861 
0.768680 2.270683 
0.770003 2.269510 
0.763454 2.268332 
0.766117 2.267307 
0.761828 2.266277 
0.759952 2.264956 
0.756169 2.263780 
0.751917 2.262604 
0.740644 2.261571 
0.731267 2.260392 
0.720067 2.259066 
0.709273 2.257887 
0.709642 2.256713 
0.700274 2.255388 
0.701616 2.254068 
0.690789 2.252889 
0.680971 2.251417 
0.663116 2.250235 
0.659300 2.248913 
0.652123 2.247883 
0.647787 2.246707 
0.645276 2.245679 
0.633441 2.244500 
0.634668 2.243473 
0.626607 2.242149 
0.618923 2.241119 
0.599077 2.239937 
0.590865 2.239053 
0.579945 2.237728 
0.576960 2.236553 
0.579613 2.235380 
0.573729 2.234498 
0.559011 2.233171 
0.543299 2.231992 
0.533188 2.230961 
0.510849 2.229779 
0.499769 2.228748 
0.492014 2.227572 
0.484218 2.226542 
0.474589 2.225219 
0.466335 2.224042 
0.454824 2.222571 
0.446520 2.221542 
0.435930 2.220071 
0.434739 2.218897 
0.426915 2.217721 
0.411998 2.216396 
0.405048 2.215514 
0.401520 2.214046 
0.388437 2.212869 
0.384893 2.211401 
0.392678 2.210376 
0.390085 2.208908 
0.384555 2.207879 
0.377642 2.206557 
0.370696 2.205381 
0.358046 2.204058 
0.350151 2.202735 
0.354109 2.201856 
0.345272 2.200387 
0.332056 2.199357 
0.320282 2.198180 
0.313258 2.197152 
0.321103 2.195833 
0.316008 2.194658 
0.315241 2.193337 
0.313971 2.192163 
0.305507 2.190988 
0.299473 2.189519 
0.293871 2.188344 
0.294049 2.187024 
0.283593 2.186142 
0.276050 2.184967 
0.277642 2.183793 
0.265292 2.182470 
0.265470 2.181003 
0.250171 2.179974 
0.245499 2.178652 
0.244184 2.177478 
0.230812 2.176156 
0.233336 2.175129 
0.225276 2.173661 
0.218656 2.172193 
0.205719 2.170870 
0.202911 2.169843 
0.199118 2.168962 
0.183254 2.167493 
0.176066 2.166465 
0.170349 2.165144 
0.164604 2.164116 
0.162750 2.162942 
0.147779 2.161620 
0.133764 2.160298 
0.136766 2.158978 
0.131457 2.158244 
0.119374 2.156629 
0.103839 2.155454 
0.093652 2.154280 
0.095662 2.152959 
0.087383 2.152519 
0.077184 2.151051 
0.080148 2.150171 
0.076758 2.149290 
0.067510 2.147969 
0.047962 2.147088 
0.035261 2.145621 
0.032334 2.144887 
0.037253 2.143714 
0.035317 2.142246 
0.027973 2.141219 
0.024554 2.139752 
0.025052 2.139165 
0.016220 2.137845 
0.011311 2.136671 
0.012301 2.135644 
0.006401 2.134176 
-0.000985 2.133443 
-0.010843 2.132122 
-0.013808 2.130802 
-0.025654 2.129922 
-0.038014 2.128455 
-0.041984 2.127428 
-0.042507 2.125961 
-0.049458 2.124640 
-0.055918 2.123467 
-0.062889 2.122000 
-0.069365 2.120826 
-0.075358 2.119506 
-0.090783 2.118187 
-0.096797 2.116867 
-0.101824 2.115546 
-0.111820 2.114373 
-0.119349 2.113053 
-0.120419 2.111733 
-0.128959 2.110413 
-0.144485 2.109094 
-0.143558 2.108067 
-0.156616 2.106748 
-0.158212 2.105428 
-0.157801 2.104254 
-0.164907 2.102787 
-0.173523 2.101321 
-0.185641 2.100002 
-0.194270 2.098682 
-0.202408 2.097363 
-0.212577 2.095897 
-0.218199 2.094871 
-0.225834 2.093845 
-0.240037 2.092526 
-0.245716 2.091207 
-0.249876 2.090034 
-0.263132 2.088569 
-0.271838 2.087396 
-0.276059 2.085930 
-0.288815 2.084759 
-0.298056 2.083586 
-0.303817 2.082120 
-0.311058 2.080948 
-0.319340 2.079629 
-0.321082 2.078162 
-0.333358 2.077285 
-0.343718 2.075819 
-0.346469 2.074500 
-0.358829 2.073329 
-0.372776 2.071865 
-0.368928 2.070690 
-0.368656 2.069369 
-0.371458 2.067903 
-0.372712 2.066583 
-0.378011 2.065410 
-0.381335 2.063944 
-0.379005 2.062769 
-0.391991 2.061452 
-0.397371 2.059986 
-0.403751 2.058667 
-0.414225 2.057349 
-0.423179 2.056031 
-0.431633 2.054713 
-0.437540 2.053394 
-0.445022 2.051929 
-0.457028 2.050905 
-0.464567 2.049293 
-0.469450 2.048121 
-0.477899 2.047096 
-0.483892 2.045631 
-0.490302 2.044606 
-0.496275 2.043287 
-0.495603 2.041820 
-0.505635 2.040796 
-0.512660 2.039478 
-0.515607 2.038011 
-0.529833 2.036842 
-0.540500 2.035525 
-0.550705 2.034061 
-0.557186 2.033036 
-0.567932 2.031573 
-0.571883 2.030400 
-0.578427 2.029229 
-0.590246 2.027766 
-0.594260 2.026447 
-0.600830 2.025275 
-0.608535 2.023811 
-0.617289 2.022347 
-0.624926 2.021176 
-0.636305 2.019713 
-0.650777 2.018399 
-0.662190 2.016936 
-0.673050 2.015620 
-0.696913 2.014456 
-0.708853 2.013140 
-0.721905 2.011679 
-0.745790 2.010663 
-0.759876 2.009348 
-0.772990 2.007887 
-0.776697 2.006422 
-0.781286 2.005397 
-0.790190 2.004080 
-0.801262 2.002619 
-0.814915 2.001305 
-0.826950 2.000137 
-0.838071 1.998675 
-0.845990 1.997359 
-0.853856 1.996189 
-0.856528 1.994869 
-0.854460 1.993548 
-0.860174 1.992524 
-0.863446 1.991058 
-0.865139 1.989591 
-0.874169 1.988276 
-0.877393 1.986957 
-0.879629 1.985491 
-0.881738 1.984318 
-0.888219 1.982854 
-0.893119 1.981389 
-0.901143 1.980073 
-0.904796 1.979048 
-0.913968 1.977585 
-0.921027 1.976122 
-0.931219 1.974807 
-0.939898 1.973344 
-0.943794 1.971879 
-0.951358 1.970563 
-0.959999 1.969247 
-0.966054 1.967783 
-0.971511 1.966466 
-0.977510 1.965149 
-0.978167 1.963828 
-0.983182 1.962364 
-0.988056 1.961193 
-0.998371 1.959878 
-1.003411 1.958414 
-1.019579 1.957250 
-1.028402 1.955788 
-1.039770 1.954621 
-1.046468 1.953157 
-1.055171 1.951989 
-1.069888 1.950678 
-1.079399 1.949069 
-1.085982 1.947900 
-1.094979 1.946291 
-1.107066 1.944978 
-1.115470 1.943516 
-1.126506 1.942203 
-1.136474 1.940889 
-1.148168 1.939429 
-1.157623 1.938115 
-1.170435 1.936656 
-1.184261 1.935345 
-1.198198 1.933887 
-1.212063 1.932577 
-1.228216 1.931121 
-1.226334 1.929798 
-1.240982 1.928195 
-1.253827 1.926883 
-1.267331 1.925426 
-1.279218 1.923967 
-1.289287 1.922801 
-1.297281 1.921486 
-1.310309 1.920028 
-1.314049 1.918564 
-1.333035 1.917257 
-1.331213 1.915935 
-1.333879 1.914470 
-1.335897 1.913150 
-1.339224 1.911539 
-1.340252 1.910072 
-1.344034 1.908607 
-1.347272 1.907142 
-1.351512 1.905825 
-1.355312 1.904360 
-1.359117 1.902895 
-1.365138 1.901433 
-1.372721 1.900118 
-1.379867 1.898656 
-1.388133 1.897195 
-1.395748 1.895880 
-1.405810 1.894274 
-1.411230 1.892957 
-1.420766 1.891351 
-1.427983 1.889889 
-1.436324 1.888428 
-1.438442 1.887109 
-1.445132 1.885647 
-1.451832 1.884185 
-1.458429 1.882870 
-1.463361 1.881553 
-1.468973 1.880090 
-1.477948 1.878630 
-1.487497 1.877170 
-1.497061 1.875711 
-1.507642 1.874399 
-1.518918 1.872941 
-1.530212 1.871483 
-1.543208 1.870027 
-1.554661 1.868422 
-1.563074 1.867109 
-1.572185 1.865649 
-1.586257 1.864341 
-1.596528 1.862882 
-1.608381 1.861572 
-1.614605 1.860257 
-1.623790 1.858798 
-1.634558 1.857486 
-1.649431 1.856032 
-1.665896 1.854727 
-1.678550 1.853271 
-1.693657 1.852258 
-1.709187 1.850805 
-1.723038 1.849350 
-1.739752 1.847899 
-1.755355 1.846446 
-1.770983 1.844994 
-1.784498 1.843393 
-1.797037 1.842231 
-1.809454 1.840629 
-1.818457 1.839611 
-1.830764 1.838155 
-1.843091 1.836700 
-1.856582 1.835246 
-1.856624 1.834072 
-1.859257 1.832606 
-1.863041 1.831142 
-1.864959 1.829823 
-1.867604 1.828358 
-1.870978 1.826747 
-1.874208 1.825282 
-1.877868 1.823965 
-1.882837 1.822502 
-1.887237 1.821038 
-1.893376 1.819577 
-1.898370 1.818114 
-1.906108 1.816801 
-1.915169 1.815343 
-1.923087 1.813883 
-1.933335 1.812426 
-1.939963 1.811112 
-1.949660 1.809654 
-1.959954 1.808197 
-1.969683 1.806740 
-1.977101 1.805280 
-1.984530 1.803820 
-1.990224 1.802358 
-1.996510 1.800897 
-2.003390 1.799436 
-2.009697 1.797975 
-2.018353 1.796517 
-2.028777 1.795060 
-2.039219 1.793604 
-2.050096 1.792294 
-2.061157 1.790838 
-2.067542 1.789378 
-2.086687 1.788078 
-2.099567 1.786624 
-2.115237 1.785321 
-2.126983 1.783866 
-2.138247 1.782338 
-2.149944 1.780957 
-2.161157 1.779502 
-2.172389 1.778046 
-2.181276 1.776589 
-2.190768 1.775132 
-2.200185 1.773748 
-2.211485 1.772293 
-2.225084 1.770915 
-2.238796 1.769463 
-2.257189 1.768090 
-2.272733 1.766641 
-2.282759 1.765332 
-2.298348 1.763883 
-2.314655 1.762361 
-2.330297 1.760912 
-2.345965 1.759463 
-2.358770 1.757938 
-2.372097 1.756486 
-2.386044 1.755035 
-2.400114 1.753511 
-2.408015 1.752126 
-2.414830 1.750667 
-2.422857 1.749209 
-2.427792 1.747820 
-2.432837 1.746358 
-2.436584 1.744968 
-2.433010 1.743641 
-2.437469 1.742179 
-2.441935 1.740716 
-2.445202 1.739251 
-2.449078 1.737788 
-2.451751 1.736323 
-2.458457 1.735010 
-2.465382 1.733551 
-2.472820 1.732165 
-2.481588 1.730708 
-2.491585 1.729253 
-2.503817 1.727947 
-2.513849 1.726492 
-2.523897 1.725036 
-2.535289 1.723509 
-2.544154 1.722052 
-2.553753 1.720523 
-2.562649 1.719067 
-2.570949 1.717609 
-2.579263 1.716152 
-2.585755 1.714692 
-2.594096 1.713234 
-2.602451 1.711777 
-2.611935 1.710394 
-2.622777 1.708941 
-2.633636 1.707487 
-2.645016 1.706107 
-2.657760 1.704656 
-2.670525 1.703205 
-2.683929 1.701755 
-2.697356 1.700305 
-2.710923 1.698781 
-2.719951 1.697398 
-2.731704 1.695873 
-2.743361 1.694420 
-2.753916 1.692893 
-2.763631 1.691512 
-2.774723 1.690058 
-2.785835 1.688605 
-2.797466 1.687227 
-2.809861 1.685775 
-2.824025 1.684400 
-2.840205 1.682955 
-2.857038 1.681510 
-2.875148 1.680068 
-2.892040 1.678624 
-2.908961 1.677180 
-2.925910 1.675736 
-2.941009 1.674290 
-2.956891 1.672771 
-2.971415 1.671324 
-2.985965 1.669877 
-2.995011 1.668348 
-3.003941 1.666892 
-3.012887 1.665437 
-3.020454 1.664052 
-3.028665 1.662669 
-3.033100 1.661281 
-3.038807 1.659893 
-3.041494 1.658428 
-3.046085 1.656966 
-3.050052 1.655503 
-3.053390 1.654039 
-3.057369 1.652576 
-3.061220 1.651186 
-3.067121 1.649725 
-3.074170 1.648340 
-3.080730 1.646881 
-3.089715 1.645499 
-3.100130 1.644046 
-3.111840 1.642595 
-3.124211 1.641145 
-3.134684 1.639692 
-3.146456 1.638241 
-3.157750 1.636716 
-3.168281 1.635263 
-3.177690 1.633735 
-3.186972 1.632280 
-3.196271 1.630826 
-3.204299 1.629369 
-3.212341 1.627912 
-3.221043 1.626457 
-3.231551 1.625077 
-3.242870 1.623626 
-3.255502 1.622177 
-3.268010 1.620801 
-3.281982 1.619354 
-3.297277 1.617909 
-3.312599 1.616464 
-3.327298 1.615019 
-3.341526 1.613499 
-3.354978 1.612052 
-3.368606 1.610531 
-3.382107 1.609084 
-3.393674 1.607633 
-3.406070 1.606110 
-3.417681 1.604660 
-3.429810 1.603284 
-3.442772 1.601836 
-3.457068 1.600390 
-3.472543 1.599020 
-3.488861 1.597578 
-3.506522 1.596138 
-3.524216 1.594698 
-3.541778 1.593332 
-3.560358 1.591820 
-3.578148 1.590381 
-3.595310 1.588941 
-3.612671 1.587428 
-3.629896 1.585988 
-3.637226 1.584530 
-3.644738 1.583000 
-3.654748 1.581547 
-3.664776 1.580095 
-3.672659 1.578712 
-3.680063 1.577255 
-3.685977 1.575869 
-3.690741 1.574407 
-3.692010 1.573013 
-3.696121 1.571550 
-3.701576 1.570089 
-3.707710 1.568630 
-3.713855 1.567170 
-3.720682 1.565712 
-3.727346 1.564327 
-3.734868 1.562870 
-3.743572 1.561489 
-3.751795 1.560033 
-3.761379 1.558580 
-3.770804 1.557200 
-3.781097 1.555748 
-3.794108 1.554301 
-3.805972 1.552778 
-3.818355 1.551330 
-3.829590 1.549807 
-3.840664 1.548356 
-3.850404 1.546904 
-3.860346 1.545377 
-3.870123 1.543925 
-3.879239 1.542471 
-3.889548 1.541093 
-3.900741 1.539643 
-3.911274 1.538191 
-3.923005 1.536816 
-3.935627 1.535368 
-3.951007 1.533926 
-3.966416 1.532484 
-3.981169 1.531041 
-3.998690 1.529603 
-4.015066 1.528089 
-4.031281 1.526649 
-4.046346 1.525132 
-4.060558 1.523688 
-4.074305 1.522170 
-4.087389 1.520650 
-4.098232 1.519200 
-4.112549 1.517756 
-4.127585 1.516314 
-4.142649 1.514871 
-4.159126 1.513432 
-4.177022 1.511995 
-4.195644 1.510560 
-4.214997 1.509127 
-4.235288 1.507621 
-4.254716 1.506188 
-4.274389 1.504682 
-4.294800 1.503177 
-4.300387 1.501717 
-4.307593 1.500186 
-4.316212 1.498658 
-4.326948 1.497134 
-4.338194 1.495685 
-4.348975 1.494161 
-4.358860 1.492710 
-4.367361 1.491255 
-4.374470 1.489798 
-4.378778 1.488335 
-4.382607 1.486797 
-4.386226 1.485333 
-4.393600 1.483803 
-4.400989 1.482272 
-4.407686 1.480741 
-4.414178 1.479282 
-4.420902 1.477750 
-4.428130 1.476293 
-4.435372 1.474836 
-6.531673 1.485600 
-9.048280 1.443111 
-11.564886 1.400622 
-14.081493 1.358133 
-16.598101 1.315644 
-19.114708 1.273155 
-21.631315 1.230666 
-24.147923 1.188177 
-26.664530 1.145688 
-29.181137 1.103199 
-31.697744 1.060711 
-34.214352 1.018222 
-36.730957 0.975733 
-39.247562 0.933244 
-41.764168 0.890755 
-44.280773 0.848266 
-46.797379 0.805777 
-49.313984 0.763288 
-51.830589 0.720799 
-54.347195 0.678310 
-56.863800 0.635821 
-59.380405 0.593332 
-61.897011 0.550843 
-64.413620 0.508354 
-66.930229 0.465865 
-69.446838 0.423377 
-71.963448 0.380888 
-74.480057 0.338399 
-76.996666 0.295910 
-79.513275 0.253421 
-82.029884 0.210932 
-84.546494 0.168443 
-87.063103 0.125954 
-89.579712 0.083465 
-92.096321 0.040976 
-90.000000 0.500000 38.509853
-90.000000 0.500000 38.509853
-90.000000 0.500000 38.509853
-90.000000 0.500000 38.509853
-90.000000 0.500000 38.509853
-90.000000 0.500000 38.509853
-90.000000 0.500000 38.509853
-90.000000 0.500000 38.509853
-90.000000 0.500000 38.509853
-90.000000 0.500000 38.509853
-90.000000 0.500000 38.509853
-90.000000 0.500000 38.509853
-90.000000 0.500000 38.509853
-90.000000 0.500000 38.509853
-90.000000 0.500000 38.509853
-90.000000 0.500000 38.509853
-90.000000 0.500000 38.509853
-90.000000 0.500000 38.509853
-90.000000 0.500000 38.509853
-90.000000 0.500000 38.509853
-90.000000 0.500000 38.509853
-90.000000 0.500000 38.509853
-90.000000 0.500000 38.509853
-90.000000 0.500000 38.509853
-90.000000 0.500000 38.509853
-90.000000 0.500000 38.509853
-90.000000 0.500000 38.509853
-90.000000 0.500000 38.509853
-90.000000 0.500000 38.509853
-90.000000 0.500000 38.509853
-90.000000 0.500000 38.509853
-90.000000 0.500000 38.509853
-90.000000 0.500000 38.509853
-90.000000 0.500000 38.509853
-90.000000 0.500000 38.509853
-90.000000 0.500000 38.509853
-90.000000 0.500000 38.509853
-90.000000 0.500000 38.509853
-90.000000 0.500000 38.509853
-90.000000 0.500000 38.509853
-90.000000 0.500000 38.509853
-90.000000 0.500000 38.509853
-90.000000 0.500000 38.509853
-90.000000 0.500000 38.509853
-90.000000 0.500000 38.509853
-90.000000 0.500000 38.509853
-90.000000 0.500000 38.509853
-90.000000 0.500000 38.509853
-90.000000 0.500000 38.509853
-90.000000 0.500000 38.509853
-90.000000 0.500000 38.509853
-90.000000 0.500000 38.509853
-90.000000 0.500000 38.509853
-90.000000 0.500000 38.509853
-90.000000 0.500000 38.509853
-90.000000 0.500000 38.509853
-90.000000 0.500000 38.509853
-90.000000 0.500000 38.509853
-90.000000 0.500000 38.509853
-90.000000 0.500000 38.509853
-90.000000 0.500000 38.509853
-90.000000 0.500000 38.509853
-90.000000 0.500000 38.509853
-90.000000 0.500000 38.509853
-90.000000 0.500000 38.509853
-90.000000 0.500000 38.509853
-90.000000 0.500000 38.509853
-90.000000 0.500000 38.509853
-90.000000 0.500000 38.509853
-90.000000 0.500000 38.509853
-90.000000 0.500000 38.509853
-90.000000 0.500000 38.509853
-90.000000 0.500000 38.509853
-90.000000 0.500000 38.509853
-90.000000 0.500000 38.509853
-90.000000 0.500000 38.509853
-90.000000 0.500000 38.509853
-90.000000 0.500000 38.509853
-90.000000 0.500000 38.509853
-90.000000 0.500000 38.509853
-90.000000 0.500000 38.509853
-90.000000 0.500000 38.509853
-90.000000 0.500000 38.509853
-90.000000 0.500000 38.509853
-90.000000 0.500000 38.509853
-90.000000 0.500000 38.509853
-90.000000 0.500000 38.509853
-90.000000 0.500000 38.509853
-90.000000 0.500000 38.509853
-90.000000 0.500000 38.509853
-90.000000 0.500000 38.509853
-90.000000 0.500000 38.509853
-90.000000 0.500000 38.509853
-90.000000 0.500000 38.509853
-90.000000 0.500000 38.509853
-90.000000 0.500000 38.509853
-90.000000 0.500000 38.509853
-90.000000 0.500000 38.509853
-90.000000 0.500000 38.509853
-90.000000 0.500000 38.509853
-90.000000 0.500000 38.509853
-90.000000 0.500000 38.509853
-90.000000 0.500000 38.509853
-90.000000 0.500000 38.509853
-90.000000 0.500000 38.509853
-90.000000 0.500000 38.509853
-90.000000 0.500000 38.509853
-90.000000 0.500000 38.509853
-90.000000 0.500000 38.509853
-90.000000 0.500000 38.509853
-90.000000 0.500000 38.509853
-90.000000 0.500000 38.509853
-90.000000 0.500000 38.509853
-90.000000 0.500000 38.509853
-90.000000 0.500000 38.509853
-90.000000 0.500000 38.509853
-90.000000 0.500000 38.509853
-90.000000 0.500000 38.509853
-90.000000 0.500000 38.509853
-90.000000 0.500000 38.509853
-90.000000 0.500000 38.509853
-90.000000 0.500000 38.509853
-90.000000 0.500000 38.509853
-90.000000 0.500000 38.509853
-90.000000 0.500000 38.509853
-90.000000 0.500000 38.509853
-90.000000 0.500000 38.509853
-90.000000 0.500000 38.509853
-90.000000 0.500000 38.509853
-90.000000 0.500000 38.509853
-90.000000 0.500000 38.509853
-90.000000 0.500000 38.509853
-90.000000 0.500000 38.509853
-90.000000 0.500000 38.509853
-90.000000 0.500000 38.509853
-90.000000 0.500000 38.509853
-90.000000 0.500000 38.509853
-90.000000 0.500000 38.509853
-90.000000 0.500000 38.509853
-90.000000 0.500000 38.509853
-90.000000 0.500000 38.509853
-90.000000 0.500000 38.509853
-90.000000 0.500000 38.509853
-90.000000 0.500000 38.509853
-90.000000 0.500000 38.509853
-90.000000 0.500000 38.509853
-90.000000 0.500000 38.509853
-90.000000 0.500000 38.509853
-90.000000 0.500000 38.509853
-90.000000 0.500000 38.509853
-90.000000 0.500000 38.509853
-90.000000 0.500000 38.509853
-90.000000 0.500000 38.509853
-90.000000 0.500000 38.509853
-90.000000 0.500000 38.509853
-90.000000 0.500000 38.509853
-90.000000 0.500000 38.509853
-90.000000 0.500000 38.509853
-90.000000 0.500000 38.509853
-90.000000 0.500000 38.509853
-90.000000 0.500000 38.509853
-90.000000 0.500000 38.509853
-90.000000 0.500000 38.509853
-90.000000 0.500000 38.509853
-90.000000 0.500000 38.509853
-90.000000 0.500000 38.509853
-90.000000 0.500000 38.509853
-90.000000 0.500000 38.509853
-90.000000 0.500000 38.509853
-90.000000 0.500000 38.509853
-90.000000 0.500000 38.509853
-90.000000 0.500000 38.509853
-90.000000 0.500000 38.509853
-90.000000 0.500000 38.509853
-90.000000 0.500000 38.509853
-90.000000 0.500000 38.509853
-90.000000 0.500000 38.509853
-90.000000 0.500000 38.509853
-90.000000 0.500000 38.509853
-90.000000 0.500000 38.509853
-90.000000 0.500000 38.509853
-90.000000 0.500000 38.509853
-90.000000 0.500000 38.509853
-90.000000 0.500000 38.509853
-90.000000 0.500000 38.509853
-90.000000 0.500000 38.509853
-90.000000 0.500000 38.509853
-90.000000 0.500000 38.509853
-90.000000 0.500000 38.509853
-90.000000 0.500000 38.509853
-90.000000 0.500000 38.509853
-90.000000 0.500000 38.509853
-90.000000 0.500000 38.509853
-90.000000 0.500000 38.509853
-90.000000 0.500000 38.509853
-90.000000 0.500000 38.509853
-90.000000 0.500000 38.509853
-90.000000 0.500000 38.509853
-90.000000 0.500000 38.509853
-90.000000 0.500000 38.509853
-90.000000 0.500000 38.509853
-90.000000 0.500000 38.509853
-90.000000 0.500000 38.509853
-90.000000 0.500000 38.509853
-90.000000 0.500000 38.509853
-90.000000 0.500000 38.509853
-90.000000 0.500000 38.509853
-90.000000 0.500000 38.509853
-90.000000 0.500000 38.509853
-90.000000 0.500000 38.509853
-90.000000 0.500000 38.509853
-90.000000 0.500000 38.509853
-90.000000 0.500000 38.509853
-90.000000 0.500000 38.509853
-90.000000 0.500000 38.509853
-90.000000 0.500000 38.509853
-90.000000 0.500000 38.509853
-90.000000 0.500000 38.509853
-90.000000 0.500000 38.509853
-90.000000 0.500000 38.509853
-90.000000 0.500000 38.509853
-90.000000 0.500000 38.509853
-90.000000 0.500000 38.509853
-90.000000 0.500000 38.509853
-90.000000 0.500000 38.509853
-90.000000 0.500000 38.509853
-90.000000 0.500000 38.509853
-90.000000 0.500000 38.509853
-90.000000 0.500000 38.509853
-90.000000 0.500000 38.509853
-90.000000 0.500000 38.509853
-90.000000 0.500000 38.509853
-90.000000 0.500000 38.509853
-90.000000 0.500000 38.509853
-90.000000 0.500000 38.509853
-90.000000 0.500000 38.509853
-90.000000 0.500000 38.509853
-90.000000 0.500000 38.509853
-90.000000 0.500000 38.509853
-90.000000 0.500000 38.509853
-90.000000 0.500000 38.509853
-90.000000 0.500000 38.509853
-90.000000 0.500000 38.509853
-90.000000 0.500000 38.509853
-90.000000 0.500000 38.509853
-90.000000 0.500000 38.509853
-90.000000 0.500000 38.509853
-90.000000 0.500000 38.509853
-90.000000 0.500000 38.509853
-90.000000 0.500000 38.509853
-90.000000 0.500000 38.509853
-90.000000 0.500000 38.509853
-90.000000 0.500000 38.509853
-90.000000 0.500000 38.509853
-90.000000 0.500000 38.509853
-90.000000 0.500000 38.509853
-90.000000 0.500000 38.509853
-90.000000 0.500000 38.509853
-90.000000 0.500000 38.509853
-90.000000 0.500000 38.509853
-90.000000 0.500000 38.509853
-90.000000 0.500000 38.509853
-90.000000 0.500000 38.509853
-90.000000 0.500000 38.509853
-90.000000 0.500000 38.509853
-90.000000 0.500000 38.509853
-90.000000 0.500000 38.509853
-90.000000 0.500000 38.509853
-90.000000 0.500000 38.509853
-90.000000 0.500000 38.509853
-90.000000 0.500000 38.509853
-90.000000 0.500000 38.509853
-90.000000 0.500000 38.509853
-90.000000 0.500000 38.509853
-90.000000 0.500000 38.509853
-90.000000 0.500000 38.509853
-90.000000 0.500000 38.509853
-90.000000 0.500000 38.509853
-90.000000 0.500000 38.509853
-90.000000 0.500000 38.509853
-90.000000 0.500000 38.509853
-90.000000 0.500000 38.509853
-90.000000 0.500000 38.509853
-90.000000 0.500000 38.509853
-90.000000 0.500000 38.509853
-90.000000 0.500000 38.509853
-90.000000 0.500000 38.509853
-90.000000 0.500000 38.509853
-90.000000 0.500000 38.509853
-90.000000 0.500000 38.509853
-90.000000 0.500000 38.509853
-90.000000 0.500000 38.509853
-90.000000 0.500000 38.509853
-90.000000 0.500000 38.509853
-90.000000 0.500000 38.509853
-90.000000 0.500000 38.509853
-90.000000 0.500000 38.509853
-90.000000 0.500000 38.509853
-90.000000 0.500000 38.509853
-90.000000 0.500000 38.509853
-90.000000 0.500000 38.509853
-90.000000 0.500000 38.509853
-90.000000 0.500000 38.509853
-90.000000 0.500000 38.509853
-90.000000 0.500000 38.509853
-90.000000 0.500000 38.509853
-90.000000 0.500000 38.509853
-90.000000 0.500000 38.509853
-90.000000 0.500000 38.509853
-90.000000 0.500000 38.509853
-90.000000 0.500000 38.509853
-90.000000 0.500000 38.509853
-90.000000 0.500000 38.509853
-90.000000 0.500000 38.509853
-90.000000 0.500000 38.509853
-90.000000 0.500000 38.509853
-90.000000 0.500000 38.509853
-90.000000 0.500000 38.509853
-90.000000 0.500000 38.509853
-90.000000 0.500000 38.509853
-90.000000 0.500000 38.509853
-90.000000 0.500000 38.509853
-90.000000 0.500000 38.509853
-90.000000 0.500000 38.509853
-90.000000 0.500000 38.509853
-90.000000 0.500000 38.509853
-90.000000 0.500000 38.509853
-90.000000 0.500000 38.509853
-90.000000 0.500000 38.509853
-90.000000 0.500000 38.509853
-90.000000 0.500000 38.509853
-90.000000 0.500000 38.509853
-90.000000 0.500000 38.509853
-90.000000 0.500000 38.509853
-90.000000 0.500000 38.509853
-90.000000 0.500000 38.509853
-90.000000 0.500000 38.509853
-90.000000 0.500000 38.509853
-90.000000 0.500000 38.509853
-90.000000 0.500000 38.509853
-90.000000 0.500000 38.509853
-90.000000 0.500000 38.509853
-90.000000 0.500000 38.509853
-90.000000 0.500000 38.509853
-90.000000 0.500000 38.509853
-90.000000 0.500000 38.509853
-90.000000 0.500000 38.509853
-90.000000 0.500000 38.509853
-90.000000 0.500000 38.509853
-90.000000 0.500000 38.509853
-90.000000 0.500000 38.509853
-90.000000 0.500000 38.509853
-90.000000 0.500000 38.509853
-90.000000 0.500000 38.509853
-90.000000 0.500000 38.509853
-90.000000 0.500000 38.509853
-90.000000 0.500000 38.509853
-90.000000 0.500000 38.509853
-90.000000 0.500000 38.509853
-90.000000 0.500000 38.509853
-90.000000 0.500000 38.509853
-90.000000 0.500000 38.509853
-90.000000 0.500000 38.509853
-90.000000 0.500000 38.509853
-90.000000 0.500000 38.509853
-90.000000 0.500000 38.509853
-90.000000 0.500000 38.509853
-90.000000 0.500000 38.509853
-90.000000 0.500000 38.509853
-90.000000 0.500000 38.509853
-90.000000 0.500000 38.509853
-90.000000 0.500000 38.509853
-90.000000 0.500000 38.509853
-90.000000 0.500000 38.509853
-90.000000 0.500000 38.509853
-90.000000 0.500000 38.509853
-90.000000 0.500000 38.509853
-90.000000 0.500000 38.509853
-90.000000 0.500000 38.509853
-90.000000 0.500000 38.509853
-90.000000 0.500000 38.509853
-90.000000 0.500000 38.509853
-90.000000 0.500000 38.509853
-90.000000 0.500000 38.509853
-90.000000 0.500000 38.509853
-90.000000 0.500000 38.509853
-90.000000 0.500000 38.509853
-90.000000 0.500000 38.509853
-90.000000 0.500000 38.509853
-90.000000 0.500000 38.509853
-90.000000 0.500000 38.509853
-90.000000 0.500000 38.509853
-90.000000 0.500000 38.509853
-90.000000 0.500000 38.509853
-90.000000 0.500000 38.509853
-90.000000 0.500000 38.509853
-90.000000 0.500000 38.509853
-90.000000 0.500000 38.509853
-90.000000 0.500000 38.509853
-90.000000 0.500000 38.509853
-90.000000 0.500000 38.509853
-90.000000 0.500000 38.509853
-90.000000 0.500000 38.509853
-90.000000 0.500000 38.509853
-90.000000 0.500000 38.509853
-90.000000 0.500000 38.509853
-90.000000 0.500000 38.509853
-90.000000 0.500000 38.509853
-90.000000 0.500000 38.509853
-90.000000 0.500000 38.509853
-90.000000 0.500000 38.509853
-90.000000 0.500000 38.509853
-90.000000 0.500000 38.509853
-90.000000 0.500000 38.509853
-90.000000 0.500000 38.509853
-90.000000 0.500000 38.509853
-90.000000 0.500000 38.509853
-90.000000 0.500000 38.509853
-90.000000 0.500000 38.509853
-90.000000 0.500000 38.509853
-90.000000 0.500000 38.509853
-90.000000 0.500000 38.509853
-90.000000 0.500000 38.509853
-90.000000 0.500000 38.509853
-90.000000 0.500000 38.509853
-90.000000 0.500000 38.509853
-90.000000 0.500000 38.509853
-90.000000 0.500000 38.509853
-90.000000 0.500000 38.509853
-90.000000 0.500000 38.509853
-90.000000 0.500000 38.509853
-90.000000 0.500000 38.509853
-90.000000 0.500000 38.509853
-90.000000 0.500000 38.509853
-90.000000 0.500000 38.509853
-90.000000 0.500000 38.509853
-90.000000 0.500000 38.509853
-90.000000 0.500000 38.509853
-90.000000 0.500000 38.509853
-90.000000 0.500000 38.509853
-90.000000 0.500000 38.509853
-90.000000 0.500000 38.509853
-90.000000 0.500000 38.509853
-90.000000 0.500000 38.509853
-90.000000 0.500000 38.509853
-90.000000 0.500000 38.509853
-90.000000 0.500000 38.509853
-90.000000 0.500000 38.509853
-90.000000 0.500000 38.509853
-90.000000 0.500000 38.509853
-90.000000 0.500000 38.509853
-90.000000 0.500000 38.509853
-90.000000 0.500000 38.509853
-90.000000 0.500000 38.509853
-90.000000 0.500000 38.509853
-90.000000 0.500000 38.509853
-90.000000 0.500000 38.509853
-90.000000 0.500000 38.509853
-90.000000 0.500000 38.509853
-90.000000 0.500000 38.509853
-90.000000 0.500000 38.509853
-90.000000 0.500000 38.509853
-90.000000 0.500000 38.509853
-90.000000 0.500000 38.509853
-90.000000 0.500000 38.509853
-90.000000 0.500000 38.509853
-90.000000 0.500000 38.509853
-90.000000 0.500000 38.509853
-90.000000 0.500000 38.509853
-90.000000 0.500000 38.509853
-90.000000 0.500000 38.509853
-90.000000 0.500000 38.509853
-90.000000 0.500000 38.509853
-90.000000 0.500000 38.509853
-90.000000 0.500000 38.509853
-90.000000 0.500000 38.509853
-90.000000 0.500000 38.509853
-90.000000 0.500000 38.509853
-90.000000 0.500000 38.509853
-90.000000 0.500000 38.509853
-90.000000 0.500000 38.509853
-90.000000 0.500000 38.509853
-90.000000 0.500000 38.509853
-90.000000 0.500000 38.509853
-90.000000 0.500000 38.509853
-90.000000 0.500000 38.509853
-90.000000 0.500000 38.509853
-90.000000 0.500000 38.509853
-90.000000 0.500000 38.509853
-90.000000 0.500000 38.509853
-90.000000 0.500000 38.509853
-90.000000 0.500000 38.509853
-90.000000 0.500000 38.509853
-90.000000 0.500000 38.509853
-90.000000 0.500000 38.509853
-90.000000 0.500000 38.509853
-90.000000 0.500000 38.509853
-90.000000 0.500000 38.509853
-90.000000 0.500000 38.509853
-90.000000 0.500000 38.509853
-90.000000 0.500000 38.509853
-90.000000 0.500000 38.509853
-90.000000 0.500000 38.509853
-90.000000 0.500000 38.509853
-90.000000 0.500000 38.509853
-90.000000 0.500000 38.509853
-90.000000 0.500000 38.509853
-90.000000 0.500000 38.509853
-90.000000 0.500000 38.509853
-90.000000 0.500000 38.509853
-90.000000 0.500000 38.509853
-90.000000 0.500000 38.509853
-90.000000 0.500000 38.509853
-90.000000 0.500000 38.509853
-90.000000 0.500000 38.509853
-90.000000 0.500000 38.509853
-90.000000 0.500000 38.509853
-90.000000 0.500000 38.509853
-90.000000 0.500000 38.509853
-90.000000 0.500000 38.509853
-90.000000 0.500000 38.509853
-90.000000 0.500000 38.509853
-90.000000 0.500000 38.509853
-90.000000 0.500000 38.509853
-90.000000 0.500000 38.509853
-90.000000 0.500000 38.509853
-90.000000 0.500000 38.509853
-90.000000 0.500000 38.509853
-90.000000 0.500000 38.509853
-90.000000 0.500000 38.509853
-90.000000 0.500000 38.509853
-90.000000 0.500000 38.509853
-90.000000 0.500000 38.509853
-90.000000 0.500000 38.509853
-90.000000 0.500000 38.509853
-90.000000 0.500000 38.509853
-90.000000 0.500000 38.509853
-90.000000 0.500000 38.509853
-90.000000 0.500000 38.509853
-90.000000 0.500000 38.509853
-90.000000 0.500000 38.509853
-90.000000 0.500000 38.509853
-90.000000 0.500000 38.509853
-90.000000 0.500000 38.509853
-90.000000 0.500000 38.509853
-90.000000 0.500000 38.509853
-90.000000 0.500000 38.509853
-90.000000 0.500000 38.509853
-90.000000 0.500000 38.509853
-90.000000 0.500000 38.509853
-90.000000 0.500000 38.509853
-90.000000 0.500000 38.509853
-90.000000 0.500000 38.509853
-90.000000 0.500000 38.509853
-90.000000 0.500000 38.509853
-90.000000 0.500000 38.509853
-90.000000 0.500000 38.509853
-90.000000 0.500000 38.509853
-90.000000 0.500000 38.509853
-90.000000 0.500000 38.509853
-90.000000 0.500000 38.509853
-90.000000 0.500000 38.509853
-90.000000 0.500000 38.509853
-90.000000 0.500000 38.509853
-90.000000 0.500000 38.509853
-90.000000 0.500000 38.509853
-90.000000 0.500000 38.509853
-90.000000 0.500000 38.509853
-90.000000 0.500000 38.509853
-90.000000 0.500000 38.509853
-90.000000 0.500000 38.509853
-90.000000 0.500000 38.509853
-90.000000 0.500000 38.509853
-90.000000 0.500000 38.509853
-90.000000 0.500000 38.509853
-90.000000 0.500000 38.509853
-90.000000 0.500000 38.509853
-90.000000 0.500000 38.509853
-90.000000 0.500000 38.509853
-90.000000 0.500000 38.509853
-90.000000 0.500000 38.509853
-90.000000 0.500000 38.509853
-90.000000 0.500000 38.509853
-90.000000 0.500000 38.509853
-90.000000 0.500000 38.509853
-90.000000 0.500000 38.509853
-90.000000 0.500000 38.509853
-90.000000 0.500000 38.509853
-90.000000 0.500000 38.509853
-90.000000 0.500000 38.509853
-90.000000 0.500000 38.509853
-90.000000 0.500000 38.509853
-90.000000 0.500000 38.509853
-90.000000 0.500000 38.509853
-90.000000 0.500000 38.509853
-90.000000 0.500000 38.509853
-90.000000 0.500000 38.509853
-90.000000 0.500000 38.509853
-90.000000 0.500000 38.509853
-90.000000 0.500000 38.509853
-90.000000 0.500000 38.509853
-90.000000 0.500000 38.509853
-90.000000 0.500000 38.509853
-90.000000 0.500000 38.509853
-90.000000 0.500000 38.509853
-90.000000 0.500000 38.509853
-90.000000 0.500000 38.509853
-90.000000 0.500000 38.509853
-90.000000 0.500000 38.509853
-90.000000 0.500000 38.509853
-90.000000 0.500000 38.509853
-90.000000 0.500000 38.509853
-90.000000 0.500000 38.509853
-90.000000 0.500000 38.509853
-90.000000 0.500000 38.509853
-90.000000 0.500000 38.509853
-90.000000 0.500000 38.509853
-90.000000 0.500000 38.509853
-90.000000 0.500000 38.509853
-90.000000 0.500000 38.509853
-90.000000 0.500000 38.509853
-90.000000 0.500000 38.509853
-90.000000 0.500000 38.509853
-90.000000 0.500000 38.509853
-90.000000 0.500000 38.509853
-90.000000 0.500000 38.509853
-90.000000 0.500000 38.509853
-90.000000 0.500000 38.509853
-90.000000 0.500000 38.509853
-90.000000 0.500000 38.509853
-90.000000 0.500000 38.509853
-90.000000 0.500000 38.509853
-90.000000 0.500000 38.509853
-90.000000 0.500000 38.509853
-90.000000 0.500000 38.509853
-90.000000 0.500000 38.509853
-90.000000 0.500000 38.509853
-90.000000 0.500000 38.509853
-90.000000 0.500000 38.509853
-90.000000 0.500000 38.509853
-90.000000 0.500000 38.509853
-90.000000 0.500000 38.509853
-90.000000 0.500000 38.509853
-90.000000 0.500000 38.509853
-90.000000 0.500000 38.509853
-90.000000 0.500000 38.509853
-90.000000 0.500000 38.509853
-90.000000 0.500000 38.509853
-90.000000 0.500000 38.509853
-90.000000 0.500000 38.509853
-90.000000 0.500000 38.509853
-90.000000 0.500000 38.509853
-90.000000 0.500000 38.509853
-90.000000 0.500000 38.509853
-90.000000 0.500000 38.509853
-90.000000 0.500000 38.509853
-90.000000 0.500000 38.509853
-90.000000 0.500000 38.509853
-90.000000 0.500000 38.509853
-90.000000 0.500000 38.509853
-90.000000 0.500000 38.509853
-90.000000 0.500000 38.509853
-90.000000 0.500000 38.509853
-90.000000 0.500000 38.509853
-90.000000 0.500000 38.509853
-90.000000 0.500000 38.509853
-90.000000 0.500000 38.509853
-90.000000 0.500000 38.509853
-90.000000 0.500000 38.509853
-90.000000 0.500000 38.509853
-90.000000 0.500000 38.509853
-90.000000 0.500000 38.509853
-90.000000 0.500000 38.509853
-90.000000 0.500000 38.509853
-90.000000 0.500000 38.509853
-90.000000 0.500000 38.509853
-90.000000 0.500000 38.509853
-90.000000 0.500000 38.509853
-90.000000 0.500000 38.509853
-90.000000 0.500000 38.509853
-90.000000 0.500000 38.509853
-90.000000 0.500000 38.509853
-90.000000 0.500000 38.509853
-90.000000 0.500000 38.509853
-90.000000 0.500000 38.509853
-90.000000 0.500000 38.509853
-90.000000 0.500000 38.509853
-90.000000 0.500000 38.509853
-90.000000 0.500000 38.509853
-90.000000 0.500000 38.509853
-90.000000 0.500000 38.509853
-90.000000 0.500000 38.509853
-90.000000 0.500000 38.509853
-90.000000 0.500000 38.509853
-90.000000 0.500000 38.509853
-90.000000 0.500000 38.509853
-90.000000 0.500000 38.509853
-90.000000 0.500000 38.509853
-90.000000 0.500000 38.509853
-90.000000 0.500000 38.509853
-90.000000 0.500000 38.509853
-90.000000 0.500000 38.509853
-90.000000 0.500000 38.509853
-90.000000 0.500000 38.509853
-90.000000 0.500000 38.509853
-90.000000 0.500000 38.509853
-90.000000 0.500000 38.509853
-90.000000 0.500000 38.509853
-90.000000 0.500000 38.509853
-90.000000 0.500000 38.509853
-90.000000 0.500000 38.509853
-90.000000 0.500000 38.509853
-90.000000 0.500000 38.509853
-90.000000 0.500000 38.509853
-90.000000 0.500000 38.509853
-90.000000 0.500000 38.509853
-90.000000 0.500000 38.509853
-90.000000 0.500000 38.509853
-90.000000 0.500000 38.509853
-90.000000 0.500000 38.509853
-90.000000 0.500000 38.509853
-90.000000 0.500000 38.509853
-90.000000 0.500000 38.509853
-90.000000 0.500000 38.509853
-90.000000 0.500000 38.509853
-90.000000 0.500000 38.509853
-90.000000 0.500000 38.509853
-90.000000 0.500000 38.509853
-90.000000 0.500000 38.509853
-90.000000 0.500000 38.509853
-90.000000 0.500000 38.509853
-90.000000 0.500000 38.509853
-90.000000 0.500000 38.509853
-90.000000 0.500000 38.509853
-90.000000 0.500000 38.509853
-90.000000 0.500000 38.509853
-90.000000 0.500000 38.509853
-90.000000 0.500000 38.509853
-90.000000 0.500000 38.509853
-90.000000 0.500000 38.509853
-90.000000 0.500000 38.509853
-90.000000 0.500000 38.509853
-90.000000 0.500000 38.509853
-90.000000 0.500000 38.509853
-90.000000 0.500000 38.509853
-90.000000 0.500000 38.509853
-90.000000 0.500000 38.509853
-90.000000 0.500000 38.509853
-90.000000 0.500000 38.509853
-90.000000 0.500000 38.509853
-90.000000 0.500000 38.509853
-90.000000 0.500000 38.509853
-90.000000 0.500000 38.509853
-90.000000 0.500000 38.509853
-90.000000 0.500000 38.509853
-90.000000 0.500000 38.509853
-90.000000 0.500000 38.509853
-90.000000 0.500000 38.509853
-90.000000 0.500000 38.509853
-90.000000 0.500000 38.509853
-90.000000 0.500000 38.509853
-90.000000 0.500000 38.509853
-90.000000 0.500000 38.509853
-90.000000 0.500000 38.509853
-90.000000 0.500000 38.509853
-90.000000 0.500000 38.509853
-90.000000 0.500000 38.509853
-90.000000 0.500000 38.509853
-90.000000 0.500000 38.509853
-90.000000 0.500000 38.509853
-90.000000 0.500000 38.509853
-90.000000 0.500000 38.509853
-90.000000 0.500000 38.509853
-90.000000 0.500000 38.509853
-90.000000 0.500000 38.509853
-90.000000 0.500000 38.509853
-90.000000 0.500000 38.509853
-90.000000 0.500000 38.509853
-90.000000 0.500000 38.509853
-90.000000 0.500000 38.509853
-90.000000 0.500000 38.509853
-90.000000 0.500000 38.509853
-90.000000 0.500000 38.509853
-90.000000 0.500000 38.509853
-90.000000 0.500000 38.509853
-90.000000 0.500000 38.509853
-90.000000 0.500000 38.509853
-90.000000 0.500000 38.509853
-90.000000 0.500000 38.509853
-90.000000 0.500000 38.509853
-90.000000 0.500000 38.509853
-90.000000 0.500000 38.509853
-90.000000 0.500000 38.509853
-90.000000 0.500000 38.509853
-90.000000 0.500000 38.509853
-90.000000 0.500000 38.509853
-90.000000 0.500000 38.509853
-90.000000 0.500000 38.509853
-90.000000 0.500000 38.509853
-90.000000 0.500000 38.509853
-90.000000 0.500000 38.509853
-90.000000 0.500000 38.509853
-90.000000 0.500000 38.509853
-90.000000 0.500000 38.509853
-90.000000 0.500000 38.509853
-90.000000 0.500000 38.509853
-90.000000 0.500000 38.509853
-90.000000 0.500000 38.509853
-90.000000 0.500000 38.509853
-90.000000 0.500000 38.509853
-90.000000 0.500000 38.509853
-90.000000 0.500000 38.509853
-90.000000 0.500000 38.509853
-90.000000 0.500000 38.509853
-90.000000 0.500000 38.509853
-90.000000 0.500000 38.509853
-90.000000 0.500000 38.509853
-90.000000 0.500000 38.509853
-90.000000 0.500000 38.509853
-90.000000 0.500000 38.509853
-90.000000 0.500000 38.509853
-90.000000 0.500000 38.509853
-90.000000 0.500000 38.509853
-90.000000 0.500000 38.509853
-90.000000 0.500000 38.509853
-90.000000 0.500000 38.509853
-90.000000 0.500000 38.509853
-90.000000 0.500000 38.509853
-90.000000 0.500000 38.509853
-90.000000 0.500000 38.509853
-90.000000 0.500000 38.509853
-90.000000 0.500000 38.509853
-90.000000 0.500000 38.509853
-90.000000 0.500000 38.509853
-90.000000 0.500000 38.509853
-90.000000 0.500000 38.509853
-90.000000 0.500000 38.509853
-90.000000 0.500000 38.509853
-90.000000 0.500000 38.509853
-90.000000 0.500000 38.509853
-90.000000 0.500000 38.509853
-90.000000 0.500000 38.509853
-90.000000 0.500000 38.509853
-90.000000 0.500000 38.509853
-90.000000 0.500000 38.509853
-90.000000 0.500000 38.509853
-90.000000 0.500000 38.509853
-90.000000 0.500000 38.509853
-90.000000 0.500000 38.509853
-90.000000 0.500000 38.509853
-90.000000 0.500000 38.509853
-90.000000 0.500000 38.509853
-90.000000 0.500000 38.509853
-90.000000 0.500000 38.509853
-90.000000 0.500000 38.509853
-90.000000 0.500000 38.509853
-90.000000 0.500000 38.509853
-90.000000 0.500000 38.509853
-90.000000 0.500000 38.509853
-90.000000 0.500000 38.509853
-90.000000 0.500000 38.509853
-90.000000 0.500000 38.509853
-90.000000 0.500000 38.509853
-90.000000 0.500000 38.509853
-90.000000 0.500000 38.509853
-90.000000 0.500000 38.509853
-90.000000 0.500000 38.509853
-90.000000 0.500000 38.509853
-90.000000 0.500000 38.509853
-90.000000 0.500000 38.509853
-90.000000 0.500000 38.509853
-90.000000 0.500000 38.509853
-90.000000 0.500000 38.509853
-90.000000 0.500000 38.509853
-90.000000 0.500000 38.509853
-90.000000 0.500000 38.509853
-90.000000 0.500000 38.509853
-90.000000 0.500000 38.509853
-90.000000 0.500000 38.509853
-90.000000 0.500000 38.509853
-90.000000 0.500000 38.509853
-90.000000 0.500000 38.509853
-90.000000 0.500000 38.509853
-90.000000 0.500000 38.509853
-90.000000 0.500000 38.509853
-90.000000 0.500000 38.509853
-90.000000 0.500000 38.509853
-90.000000 0.500000 38.509853
-90.000000 0.500000 38.509853
-90.000000 0.500000 38.509853
-90.000000 0.500000 38.509853
-90.000000 0.500000 38.509853
-90.000000 0.500000 38.509853
-90.000000 0.500000 38.509853
-90.000000 0.500000 38.509853
-90.000000 0.500000 38.509853
-90.000000 0.500000 38.509853
-90.000000 0.500000 38.509853
-90.000000 0.500000 38.509853
-90.000000 0.500000 38.509853
-90.000000 0.500000 38.509853
-90.000000 0.500000 38.509853
-90.000000 0.500000 38.509853
-90.000000 0.500000 38.509853
-90.000000 0.500000 38.509853
-90.000000 0.500000 38.509853
-90.000000 0.500000 38.509853
-90.000000 0.500000 38.509853
-90.000000 0.500000 38.509853
-90.000000 0.500000 38.509853
-90.000000 0.500000 38.509853
-90.000000 0.500000 38.509853
-90.000000 0.500000 38.509853
-90.000000 0.500000 38.509853
-90.000000 0.500000 38.509853
-90.000000 0.500000 38.509853
-90.000000 0.500000 38.509853
-90.000000 0.500000 38.509853
-90.000000 0.500000 38.509853
-90.000000 0.500000 38.509853
-90.000000 0.500000 38.509853
-90.000000 0.500000 38.509853
-90.000000 0.500000 38.509853
-90.000000 0.500000 38.509853
-90.000000 0.500000 38.509853
-90.000000 0.500000 38.509853
-90.000000 0.500000 38.509853
-90.000000 0.500000 38.509853
-90.000000 0.500000 38.509853
-90.000000 0.500000 38.509853
-90.000000 0.500000 38.509853
-90.000000 0.500000 38.509853
-90.000000 0.500000 38.509853
-90.000000 0.500000 38.509853
-90.000000 0.500000 38.509853
-90.000000 0.500000 38.509853
-90.000000 0.500000 38.509853
-90.000000 0.500000 38.509853
-90.000000 0.500000 38.509853
-90.000000 0.500000 38.509853
-90.000000 0.500000 38.509853
-90.000000 0.500000 38.509853
-90.000000 0.500000 38.509853
-90.000000 0.500000 38.509853
-90.000000 0.500000 38.509853
-90.000000 0.500000 38.509853
-90.000000 0.500000 38.509853
-90.000000 0.500000 38.509853
-90.000000 0.500000 38.509853
-90.000000 0.500000 38.509853
-90.000000 0.500000 38.509853
-90.000000 0.500000 38.509853
-90.000000 0.500000 38.509853
-90.000000 0.500000 38.509853
-90.000000 0.500000 38.509853
-90.000000 0.500000 38.509853
-90.000000 0.500000 38.509853
-90.000000 0.500000 38.509853
-90.000000 0.500000 38.509853
-90.000000 0.500000 38.509853
-90.000000 0.500000 38.509853
-90.000000 0.500000 38.509853
-90.000000 0.500000 38.509853
-90.000000 0.500000 38.509853
-90.000000 0.500000 38.509853
-90.000000 0.500000 38.509853
-90.000000 0.500000 38.509853
-90.000000 0.500000 38.509853
-90.000000 0.500000 38.509853
-90.000000 0.500000 38.509853
-90.000000 0.500000 38.509853
-90.000000 0.500000 38.509853
-90.000000 0.500000 38.509853
-90.000000 0.500000 38.509853
-90.000000 0.500000 38.509853
-90.000000 0.500000 38.509853
-90.000000 0.500000 38.509853
-90.000000 0.500000 38.509853
-90.000000 0.500000 38.509853
-90.000000 0.500000 38.509853
-90.000000 0.500000 38.509853
-90.000000 0.500000 38.509853
-90.000000 0.500000 38.509853
-90.000000 0.500000 38.509853
-90.000000 0.500000 38.509853
-90.000000 0.500000 38.509853
-90.000000 0.500000 38.509853
-90.000000 0.500000 38.509853
-90.000000 0.500000 38.509853
-90.000000 0.500000 38.509853
-90.000000 0.500000 38.509853
-90.000000 0.500000 38.509853
-90.000000 0.500000 38.509853
-90.000000 0.500000 38.509853
-90.000000 0.500000 38.509853
-90.000000 0.500000 38.509853
-90.000000 0.500000 38.509853
-90.000000 0.500000 38.509853
-90.000000 0.500000 38.509853
-90.000000 0.500000 38.509853
