7.299062 -1.740900 3.582054 44.799690
7.322113 -1.718700 3.581362 44.776649
7.438486 -1.729300 3.577851 44.660328
7.461803 -1.729300 3.577147 44.637020
7.484642 -1.729300 3.576458 44.614193
7.533196 -1.729500 3.574992 44.565662
7.576543 -1.729500 3.573684 44.522335
7.623300 -1.707200 3.572291 44.475597
7.646558 -1.707200 3.571598 44.452351
7.738764 -1.714600 3.568839 44.360188
7.761622 -1.707000 3.568158 44.337341
7.807332 -1.707000 3.566797 44.291653
7.924075 -1.693500 3.563347 44.174961
7.950059 -1.693500 3.562579 44.148987
7.968601 -1.693500 3.562031 44.130451
7.994345 -1.695500 3.561269 44.104717
8.043200 -1.717100 3.559805 44.055885
8.087173 -1.717100 3.558487 44.011932
8.249508 -1.736600 3.553568 43.849670
8.272147 -1.736600 3.552882 43.827042
8.294957 -1.736600 3.552191 43.804241
8.317020 -1.749400 3.551517 43.782188
8.404788 -1.740800 3.548851 43.694462
8.427326 -1.740800 3.548166 43.671936
8.450894 -1.740800 3.547450 43.648380
8.563046 -1.878200 3.543774 43.536289
8.587269 -1.878200 3.542980 43.512077
8.720551 -2.019600 3.538283 43.378880
8.743046 -2.019600 3.537491 43.356400
8.764477 -2.076100 3.536714 43.334984
8.787768 -2.076100 3.535871 43.311707
8.900211 -2.129200 3.531693 43.199341
8.922794 -2.129200 3.530854 43.176773
8.947796 -2.129200 3.529925 43.151787
8.991235 -2.129200 3.528311 43.108379
9.014224 -2.129200 3.527457 43.085407
9.062094 -2.316800 3.525522 43.037575
9.082361 -2.316800 3.524703 43.017323
9.218438 -2.525500 3.518707 42.881378
9.241100 -2.525500 3.517708 42.858738
9.263706 -2.661600 3.516659 42.836155
9.330854 -2.815200 3.513361 42.769089
9.396183 -2.815200 3.510152 42.703838
9.441455 -2.993400 3.507788 42.658627
9.486730 -2.993400 3.505423 42.613415
9.508377 -3.160600 3.504230 42.591801
9.532574 -3.160600 3.502896 42.567642
9.552196 -3.160600 3.501814 42.548050
9.574190 -3.160600 3.500601 42.526089
9.596473 -3.160600 3.499372 42.503841
9.685000 -3.302900 3.494272 42.415462
9.706896 -3.302900 3.493011 42.393604
9.727038 -3.302900 3.491850 42.373497
9.750757 -3.495300 3.490404 42.349823
9.831752 -3.621800 3.485288 42.268990
9.896151 -3.720100 3.481109 42.204727
9.917079 -3.720100 3.479752 42.183842
9.981491 -3.864700 3.475410 42.119576
10.000341 -3.864700 3.474140 42.100769
10.021451 -3.864700 3.472717 42.079708
10.042683 -3.864700 3.471286 42.058525
10.147904 -4.210800 3.463560 41.953587
10.168854 -4.210800 3.462022 41.932693
10.214051 -4.377900 3.458571 41.887627
10.300261 -4.540900 3.451746 41.801689
10.384247 -4.737300 3.444810 41.717991
10.448882 -4.940000 3.439244 41.653595
10.470356 -4.940000 3.437395 41.632202
10.490138 -4.940000 3.435692 41.612495
10.602155 -5.332400 3.425282 41.500961
10.623973 -5.332400 3.423254 41.479237
10.646327 -5.549900 3.421092 41.456989
10.668315 -5.549900 3.418966 41.435104
10.779145 -5.779300 3.407805 41.324837
10.801483 -5.779300 3.405556 41.302612
10.867522 -5.997200 3.398656 41.236935
10.911481 -6.208200 3.393902 41.193233
10.955362 -6.208200 3.389157 41.149609
10.979474 -6.208200 3.386549 41.125637
11.087518 -6.421500 3.374466 41.018272
11.174701 -7.235900 3.363485 40.931786
11.350011 -7.235900 3.341403 40.757874
11.394203 -7.517800 3.335622 40.714062
11.440149 -7.517800 3.329610 40.668510
11.591282 -8.028300 3.308503 40.518860
11.613182 -8.028300 3.305444 40.497173
11.677418 -8.028300 3.296473 40.433567
11.699340 -8.268300 3.293320 40.411873
11.718504 -8.268300 3.290564 40.392906
11.744484 -8.268300 3.286828 40.367195
11.766299 -8.268300 3.283691 40.345608
11.851851 -8.460500 3.271104 40.260986
12.089068 -8.460500 3.236202 40.026352
12.134870 -9.133500 3.228932 39.981133
12.156661 -9.133500 3.225473 39.959618
12.175858 -9.133500 3.222426 39.940662
12.219251 -9.263500 3.215441 39.897835
12.327102 -9.370800 3.197880 39.791424
12.368251 -9.370800 3.191180 39.750824
12.394116 -9.530000 3.186898 39.725315
12.413382 -9.530000 3.183708 39.706314
12.477536 -9.724800 3.172871 39.643082
12.498450 -9.724800 3.169339 39.622467
12.521380 -9.724800 3.165465 39.599865
12.562368 -9.901500 3.158417 39.559486
12.627373 -10.094600 3.147023 39.495487
12.649138 -10.094600 3.143209 39.474060
12.755337 -10.289300 3.124239 39.369568
12.778755 -10.458700 3.119988 39.346539
12.797752 -10.458700 3.116540 39.327858
12.840429 -10.458700 3.108793 39.285889
12.861376 -10.643600 3.104924 39.265301
12.885128 -10.643600 3.100537 39.241959
12.946893 -10.865900 3.088894 39.181301
12.967987 -10.865900 3.084918 39.160583
13.033990 -11.088300 3.072224 39.095814
13.074576 -11.088300 3.064418 39.055984
13.096043 -11.321300 3.060204 39.034935
13.119445 -11.321300 3.055610 39.011990
13.140716 -11.321300 3.051434 38.991131
13.243986 -11.744800 3.030413 38.890022
13.264982 -11.744800 3.026139 38.869465
13.285926 -11.744800 3.021876 38.848961
13.348336 -11.970000 3.008932 38.787907
13.412097 -12.209300 2.995448 38.725586
13.435675 -12.209300 2.990462 38.702541
13.516709 -12.431400 2.973017 38.623405
13.558145 -12.639900 2.963950 38.582973
13.599722 -12.639900 2.954852 38.542404
13.641316 -12.639900 2.945751 38.501820
13.683374 -12.874800 2.936379 38.460819
13.725163 -13.101600 2.926907 38.420116
13.766691 -13.327000 2.917334 38.379707
13.811034 -13.327000 2.907113 38.336559
13.852886 -13.583000 2.897284 38.295879
13.892581 -13.583000 2.887961 38.257294
13.951427 -13.797500 2.873927 38.200146
13.975843 -13.797500 2.868104 38.176434
14.018425 -14.036700 2.857776 38.135124
14.060404 -14.036700 2.847594 38.094398
14.099805 -14.262400 2.837887 38.056213
14.143110 -14.262400 2.827219 38.014244
14.182602 -14.495000 2.817334 37.976009
14.224637 -14.495000 2.806813 37.935314
14.265864 -14.747800 2.796318 37.895447
14.288150 -14.747800 2.790645 37.873894
14.306600 -14.747800 2.785948 37.856052
14.347627 -15.034200 2.775306 37.816429
14.391217 -15.280300 2.763818 37.774380
14.430530 -15.280300 2.753457 37.736458
14.472359 -15.517400 2.742267 37.696152
14.554822 -15.779400 2.719842 37.616795
14.596857 -15.779400 2.708411 37.576344
14.637161 -16.054200 2.697266 37.537613
14.678287 -16.054200 2.685892 37.498093
14.719435 -16.296200 2.674346 37.458599
14.759641 -16.550500 2.662893 37.420059
14.800756 -16.550500 2.651181 37.380646
14.838190 -16.550500 2.640517 37.344761
14.877644 -16.793100 2.629118 37.306988
14.916252 -17.056100 2.617794 37.270077
14.954367 -17.056100 2.606615 37.233639
14.992992 -17.305000 2.595125 37.196762
15.030426 -17.305000 2.583990 37.161022
15.065943 -17.537200 2.573288 37.127155
15.101904 -17.780800 2.562307 37.092911
15.136720 -17.780800 2.551675 37.059757
15.168722 -18.024900 2.541772 37.029327
15.233936 -18.256200 2.521343 36.967396
15.251801 -18.256200 2.515746 36.950432
15.266308 -18.256200 2.511202 36.936653
15.283626 -18.485000 2.505711 36.920227
15.297838 -18.485000 2.501205 36.906750
15.329882 -18.485000 2.491045 36.876358
15.362346 -18.723300 2.480624 36.845612
15.396127 -18.934100 2.469663 36.813660
15.429474 -18.934100 2.458843 36.782116
15.447718 -18.934100 2.452923 36.764858
15.460455 -19.174900 2.448739 36.752827
15.493055 -19.174900 2.438032 36.722034
15.526075 -19.174900 2.427186 36.690845
15.558770 -19.372700 2.416341 36.660000
15.591711 -19.564100 2.405310 36.628960
15.609710 -19.564100 2.399283 36.612000
15.626419 -19.564100 2.393688 36.596256
15.657776 -19.727400 2.383103 36.566738
15.694811 -19.898700 2.370498 36.531914
15.725213 -19.898700 2.360151 36.503326
15.759368 -20.048800 2.348442 36.471241
15.793552 -20.048800 2.336723 36.439129
15.828123 -20.212200 2.324778 36.406685
15.862281 -20.212200 2.312977 36.374630
15.896141 -20.229600 2.301269 36.342857
15.964085 -18.476500 2.279736 36.278416
15.997929 -18.476500 2.269010 36.246315
16.031685 -18.476500 2.258312 36.214298
16.301989 -18.476500 2.172649 35.957928
16.335451 -9.492500 2.167130 35.924923
16.369030 -8.460900 2.162190 35.891708
16.402730 -8.460900 2.157232 35.858376
16.424371 -8.460900 2.154047 35.836971
16.435831 -8.460900 2.152361 35.825638
16.454471 -8.460900 2.149619 35.807201
16.469521 -8.460900 2.147404 35.792316
16.502714 -7.331300 2.143169 35.759396
16.536558 -6.025900 2.139616 35.725739
16.571947 -6.025900 2.135901 35.690544
16.603602 -5.309200 2.132972 35.659023
16.636867 -5.309200 2.129894 35.625900
16.669804 -4.696700 2.127197 35.593075
16.702556 -4.028900 2.124896 35.560402
16.735981 -4.028900 2.122547 35.527058
16.769167 -3.506500 2.120517 35.493935
16.787365 -3.506500 2.119405 35.475769
16.802236 -3.506500 2.118495 35.460926
16.820748 -3.506500 2.117363 35.442448
16.835815 -3.506500 2.116441 35.427410
16.868903 -3.016100 2.114700 35.394367
16.902358 -2.511000 2.113235 35.360943
16.936715 -2.019900 2.112024 35.326607
16.967137 -2.019900 2.110951 35.296204
17.000608 -1.598000 2.110018 35.262745
17.033807 -1.598000 2.109092 35.229557
17.297403 -1.598000 2.101741 34.966064
17.329840 0.252600 2.101884 34.933628
17.358723 0.252600 2.102012 34.904747
17.392557 0.252600 2.102161 34.870914
17.426323 0.765600 2.102612 34.837151
17.458347 0.765600 2.103040 34.805130
17.489574 0.765600 2.103457 34.773907
17.779582 0.765600 2.107332 34.483925
17.811361 2.178800 2.108540 34.452168
17.843445 2.178800 2.109760 34.420105
17.875672 2.314500 2.111062 34.387905
17.907261 2.412000 2.112391 34.356342
17.939440 2.412000 2.113745 34.324192
17.956584 2.412000 2.114467 34.307064
17.970882 2.412000 2.115068 34.292778
17.988007 2.527600 2.115824 34.275669
18.034080 2.625300 2.117934 34.229645
18.066190 2.625300 2.119405 34.197567
18.097606 2.708000 2.120889 34.166187
18.129617 2.708000 2.122401 34.134212
18.162679 2.772800 2.124001 34.101189
18.178512 2.772800 2.124767 34.085373
18.192466 2.772800 2.125442 34.071434
18.223459 2.861600 2.126989 34.040482
18.254456 2.947300 2.128583 34.009525
18.285719 2.947300 2.130190 33.978302
18.317164 3.020900 2.131848 33.946899
18.347965 3.020900 2.133471 33.916142
18.411140 3.067600 2.136852 33.853058
18.442363 3.119700 2.138551 33.821880
18.473772 3.119700 2.140260 33.790520
18.491175 3.119700 2.141207 33.773144
18.505303 3.119700 2.141976 33.759037
18.536136 3.183100 2.143688 33.728252
18.567346 3.229400 2.145446 33.697090
18.596560 3.273400 2.147115 33.667923
18.629392 3.273400 2.148989 33.635143
18.660439 3.327000 2.150791 33.604149
18.691220 3.327000 2.152577 33.573421
18.724053 3.371200 2.154508 33.540646
18.753260 3.371200 2.156226 33.511490
18.785179 3.420400 2.158130 33.479630
18.814511 3.420400 2.159880 33.450348
18.844736 3.463200 2.161706 33.420177
18.875382 3.463200 2.163557 33.389587
18.906235 3.499900 2.165441 33.358791
18.936405 3.499900 2.167282 33.328678
18.967074 3.537900 2.169175 33.298069
18.997685 3.576700 2.171085 33.267517
19.017343 3.576700 2.172311 33.247898
19.029222 3.576700 2.173052 33.236042
19.059473 3.606200 2.174955 33.205853
19.088893 3.606200 2.176805 33.176491
19.118813 3.633500 2.178701 33.146629
19.149634 3.633500 2.180655 33.115871
19.179426 3.656900 2.182555 33.086140
19.209425 3.656900 2.184468 33.056202
19.226691 3.692400 2.185580 33.038971
19.240131 3.692400 2.186446 33.025558
19.269472 3.692400 2.188335 32.996277
19.300289 3.733800 2.190342 32.965527
19.330743 3.733800 2.192325 32.935139
19.390093 3.755400 2.196212 32.875916
19.419876 3.775900 2.198174 32.846199
19.449715 3.775900 2.200139 32.816425
19.479458 3.775900 2.202097 32.786747
19.510825 3.793100 2.204172 32.755447
19.538880 3.815700 2.206039 32.727455
19.568212 3.815700 2.207991 32.698189
19.597553 3.850900 2.209962 32.668915
19.627346 3.850900 2.211962 32.639191
19.657011 3.882300 2.213971 32.609592
19.686339 3.882300 2.215957 32.580330
19.716033 3.919900 2.217987 32.550705
19.745676 3.940200 2.220023 32.521133
19.774536 3.940200 2.222007 32.492340
19.792227 3.940200 2.223222 32.474689
19.803687 3.940200 2.224010 32.463257
19.833009 3.967000 2.226038 32.434006
19.863803 3.984300 2.228178 32.403286
19.891416 3.984300 2.230096 32.375740
19.921045 4.018700 2.232173 32.346184
19.949234 4.018700 2.234148 32.318066
19.978553 4.054700 2.236221 32.288818
20.008997 4.088000 2.238392 32.258453
20.037153 4.088000 2.240399 32.230370
20.052547 4.088000 2.241496 32.215015
20.067116 4.117200 2.242542 32.200485
20.095819 4.117200 2.244603 32.171856
20.124401 4.117200 2.246655 32.143349
20.154040 4.146400 2.248798 32.113789
20.210546 4.178900 2.252916 32.057434
20.226071 4.199500 2.254053 32.041950
20.238870 4.199500 2.254990 32.029186
20.267530 4.199500 2.257089 32.000603
20.296155 4.228900 2.259200 31.972055
20.324645 4.228900 2.261301 31.943644
20.353194 4.248900 2.263416 31.915173
20.381403 4.276700 2.265520 31.887043
20.410028 4.276700 2.267654 31.858498
20.438164 4.294300 2.269761 31.830441
20.468180 4.294300 2.272009 31.800508
20.495037 4.307600 2.274026 31.773727
20.523197 4.307600 2.276141 31.745647
20.551713 4.339800 2.278299 31.717213
20.580884 4.339800 2.280506 31.688126
20.607509 4.376900 2.282538 31.661579
20.636916 4.376900 2.284783 31.632257
20.663305 4.398200 2.286806 31.605946
20.690264 4.398200 2.288874 31.579065
20.719946 4.411900 2.291157 31.549471
20.736972 4.411900 2.292467 31.532495
20.748194 4.411900 2.293330 31.521307
20.776108 4.411900 2.295477 31.493475
21.025063 4.573900 2.315330 31.245314
21.052912 4.573900 2.317551 31.217554
21.080126 4.573900 2.319721 31.190426
21.107700 4.598900 2.321932 31.162941
21.135068 4.598900 2.324126 31.135660
21.162023 4.659200 2.326316 31.108795
21.189597 4.704300 2.328577 31.081314
21.216540 4.704300 2.330787 31.054462
21.242167 4.735900 2.332903 31.028923
21.270857 4.735900 2.335271 31.000332
21.297927 4.760900 2.337518 30.973354
21.325072 4.760900 2.339771 30.946302
21.352378 4.785400 2.342049 30.919092
21.379094 4.785400 2.344278 30.892469
21.405854 4.802100 2.346518 30.865803
21.432933 4.826000 2.348796 30.838820
21.447614 4.826000 2.350031 30.824190
21.459758 4.826000 2.351053 30.812090
21.486694 4.858300 2.353334 30.785252
21.513231 4.858300 2.355582 30.758810
21.539162 4.877600 2.357787 30.732973
21.567145 4.877600 2.360166 30.705091
21.593907 5.000900 2.362499 30.678431
21.831565 5.019600 2.383293 30.441685
21.857529 5.019600 2.385565 30.415821
21.883683 5.019600 2.387853 30.389767
21.909847 5.066700 2.390164 30.363705
21.962069 5.113500 2.394818 30.311691
21.988635 5.113500 2.397186 30.285231
22.014717 5.146600 2.399526 30.259254
22.041529 5.159300 2.401937 30.232552
22.068471 5.159300 2.404360 30.205719
22.095561 5.165300 2.406798 30.178740
22.122804 5.165300 2.409251 30.151608
22.148601 5.170600 2.411576 30.125916
22.177222 5.182300 2.414161 30.097412
22.206266 5.182300 2.416784 30.068487
22.232933 5.189500 2.419196 30.041929
22.262435 5.189500 2.421865 30.012548
22.289564 5.192800 2.424320 29.985531
22.318143 5.192800 2.426907 29.957069
22.346482 5.205400 2.429478 29.928846
22.374217 5.205400 2.431994 29.901226
22.402985 5.218000 2.434611 29.872578
22.514580 5.218000 2.444760 29.761446
22.542819 5.272200 2.447354 29.733326
22.570249 5.272200 2.449875 29.706013
22.597872 5.272200 2.452413 29.678507
22.625338 5.277600 2.454939 29.651157
22.654080 5.277600 2.457583 29.622538
22.680594 5.289500 2.460027 29.596136
22.707968 5.289500 2.462551 29.568878
22.737404 5.319500 2.465280 29.539570
22.763561 5.319500 2.467705 29.513525
22.790795 5.339400 2.470239 29.486408
22.817908 5.339400 2.472762 29.459414
22.844948 5.339400 2.475278 29.432491
22.873380 5.362500 2.477936 29.404184
22.900502 5.401400 2.480489 29.377182
22.927487 5.426700 2.483041 29.350317
22.954790 5.426700 2.485623 29.323137
22.981568 5.445600 2.488164 29.296480
23.008573 5.445600 2.490727 29.269598
23.035561 5.475600 2.493302 29.242733
23.064042 5.503700 2.496033 29.214384
23.091305 5.503700 2.498648 29.187246
23.116742 5.531800 2.501100 29.161928
23.144100 5.531800 2.503737 29.134697
23.171147 5.579000 2.506367 29.107779
23.196054 5.579000 2.508788 29.082989
23.224669 5.621200 2.511591 29.054512
23.250384 5.621200 2.514110 29.028921
23.277870 5.650000 2.516816 29.001568
23.304344 5.650000 2.519423 28.975222
23.489456 5.650000 2.537647 28.791008
23.516114 5.772500 2.540328 28.764484
23.542218 5.805900 2.542969 28.738514
23.568356 5.805900 2.545613 28.712509
23.594604 5.828600 2.548279 28.686398
23.622015 5.828600 2.551062 28.659128
23.646532 5.862000 2.553566 28.634739
23.749904 5.916900 2.564222 28.531918
23.764214 5.916900 2.565697 28.517683
23.775920 5.916900 2.566904 28.506039
23.799727 5.949500 2.569372 28.482361
23.823806 5.949500 2.571867 28.458412
23.847728 6.021200 2.574377 28.434622
23.871480 6.537200 2.577081 28.411024
23.894587 6.537200 2.579712 28.388067
23.918300 7.605700 2.582850 28.364563
23.938412 7.605700 2.585512 28.344627
23.959893 9.139100 2.588924 28.323420
23.981577 9.139100 2.592368 28.302011
24.001680 11.361000 2.596328 28.282303
24.019937 11.361000 2.599925 28.264404
24.037899 14.111000 2.604304 28.246984
24.056441 17.266900 2.609808 28.229279
24.072251 17.266900 2.614501 28.214182
24.175102 32.380400 2.669581 28.127323
24.187338 32.380400 2.676134 28.116989
24.198778 32.380400 2.676134 28.116989
24.209869 39.315200 2.676134 28.116989
24.220321 45.043300 2.676134 28.116989
24.230734 45.043300 2.676134 28.116989
24.240087 48.456900 2.676134 28.116989
24.249584 48.456900 2.676134 28.116989
24.258698 46.613300 2.676134 28.116989
24.275878 43.894100 2.676134 28.116989
24.283304 45.043500 2.676134 28.116989
24.289980 45.043500 2.676134 28.116989
24.296119 44.834500 2.676134 28.116989
24.307206 44.758700 2.676134 28.116989
24.312170 44.758700 2.676134 28.116989
24.316536 44.714700 2.676134 28.116989
24.320381 44.714700 2.676134 28.116989
24.323205 44.717100 2.676134 28.116989
24.325777 44.717100 2.676134 28.116989
24.328235 44.719300 2.676134 28.116989
24.332695 44.719300 2.676134 28.116989
24.335343 44.728900 2.676134 28.116989
24.337977 46.346300 2.676134 28.116989
24.340998 46.346300 2.676134 28.116989
24.344244 50.230600 2.676134 28.116989
24.347438 50.230600 2.676134 28.116989
24.350871 56.262800 2.676134 28.116989
24.354899 57.440800 2.676134 28.116989
24.359464 57.440800 2.676134 28.116989
24.364592 55.074300 2.676134 28.116989
24.369609 55.074300 2.676134 28.116989
24.379610 54.892600 2.676134 28.116989
24.385376 54.983600 2.676134 28.116989
24.391394 54.983600 2.676134 28.116989
24.394968 55.032500 2.676134 28.116989
24.398054 55.032500 2.676134 28.116989
24.404782 55.084700 2.676134 28.116989
24.411831 55.084700 2.676134 28.116989
24.418739 55.136500 2.676134 28.116989
24.426397 55.136500 2.676134 28.116989
24.433943 55.136500 2.676134 28.116989
24.459488 55.152900 2.676134 28.116989
24.496827 55.152900 2.676134 28.116989
24.515873 55.091800 2.676134 28.116989
24.521364 55.091800 2.676134 28.116989
24.526509 55.091800 2.676134 28.116989
24.535708 55.091800 2.676134 28.116989
24.544386 55.069600 2.676134 28.116989
24.554888 55.055000 2.676134 28.116989
24.559545 55.055000 2.676134 28.116989
24.563593 55.055000 2.676134 28.116989
24.573031 55.041400 2.676134 28.116989
24.582586 55.041400 2.676134 28.116989
24.592436 55.028100 2.676134 28.116989
24.601275 55.014600 2.676134 28.116989
24.606541 55.014600 2.676134 28.116989
24.610861 55.014600 2.676134 28.116989
24.620613 55.001600 2.676134 28.116989
24.639086 54.988900 2.676134 28.116989
24.648511 54.988900 2.676134 28.116989
24.657906 54.987600 2.676134 28.116989
24.667419 54.987600 2.676134 28.116989
24.676912 55.019000 2.676134 28.116989
24.686409 55.050200 2.676134 28.116989
24.695883 55.050200 2.676134 28.116989
24.705334 55.081600 2.676134 28.116989
24.714909 55.081600 2.676134 28.116989
24.724357 55.112500 2.676134 28.116989
24.733700 55.112500 2.676134 28.116989
24.743086 55.143300 2.676134 28.116989
24.752949 55.174000 2.676134 28.116989
24.761834 55.174000 2.676134 28.116989
24.771085 55.204700 2.676134 28.116989
24.780592 55.204700 2.676134 28.116989
24.789813 55.236200 2.676134 28.116989
24.799032 55.236200 2.676134 28.116989
24.808005 55.210000 2.676134 28.116989
24.818461 55.210000 2.676134 28.116989
24.827421 55.138700 2.676134 28.116989
24.833177 55.138700 2.676134 28.116989
24.836856 55.138700 2.676134 28.116989
24.855993 54.980400 2.676134 28.116989
24.865876 54.980400 2.676134 28.116989
24.874708 54.896600 2.676134 28.116989
24.884248 54.896600 2.676134 28.116989
24.893594 54.873100 2.676134 28.116989
24.902898 54.873100 2.676134 28.116989
24.912489 54.868600 2.676134 28.116989
24.921980 54.868600 2.676134 28.116989
24.931398 54.864000 2.676134 28.116989
24.940855 54.864000 2.676134 28.116989
24.950552 54.859500 2.676134 28.116989
24.960019 54.854800 2.676134 28.116989
24.969382 54.854800 2.676134 28.116989
24.974775 54.854800 2.676134 28.116989
24.978921 54.856900 2.676134 28.116989
24.988408 54.856900 2.676134 28.116989
24.997774 54.869800 2.676134 28.116989
25.007009 54.869800 2.676134 28.116989
25.016532 54.883800 2.676134 28.116989
25.025783 54.883800 2.676134 28.116989
25.035100 54.897000 2.676134 28.116989
25.044358 54.897000 2.676134 28.116989
25.053805 54.910700 2.676134 28.116989
25.071798 54.924000 2.676134 28.116989
25.081766 54.937200 2.676134 28.116989
25.091089 54.937200 2.676134 28.116989
25.096165 54.951400 2.676134 28.116989
25.184924 55.016200 2.676134 28.116989
25.194294 55.016200 2.676134 28.116989
25.203594 55.016200 2.676134 28.116989
25.213238 55.037800 2.676134 28.116989
25.222787 55.037800 2.676134 28.116989
25.232261 55.046800 2.676134 28.116989
25.237510 55.046800 2.676134 28.116989
25.241735 55.046800 2.676134 28.116989
25.251300 55.055900 2.676134 28.116989
25.261062 55.055900 2.676134 28.116989
25.270042 55.064900 2.676134 28.116989
25.279352 55.064900 2.676134 28.116989
25.288774 55.074000 2.676134 28.116989
25.298100 55.074000 2.676134 28.116989
25.303297 55.083400 2.676134 28.116989
25.307411 55.083400 2.676134 28.116989
25.326813 55.086000 2.676134 28.116989
25.331503 55.086000 2.676134 28.116989
25.335652 55.085800 2.676134 28.116989
25.340967 55.085800 2.676134 28.116989
25.345142 55.085800 2.676134 28.116989
25.354662 55.085800 2.676134 28.116989
25.364044 55.085800 2.676134 28.116989
25.457899 55.085800 2.676134 28.116989
25.465446 55.085800 2.676134 28.116989
25.474088 55.085800 2.676134 28.116989
25.481991 55.085800 2.676134 28.116989
25.486282 55.085800 2.676134 28.116989
25.489607 55.085800 2.676134 28.116989
25.496184 53.711800 2.676134 28.116989
25.502948 49.816500 2.676134 28.116989
25.509317 49.816500 2.676134 28.116989
25.515158 43.642400 2.676134 28.116989
25.520283 43.642400 2.676134 28.116989
25.524747 43.642400 2.676134 28.116989
25.528598 44.689900 2.676134 28.116989
25.532083 44.689900 2.676134 28.116989
25.535369 44.430600 2.676134 28.116989
25.537967 44.430600 2.676134 28.116989
25.540153 43.635000 2.676134 28.116989
25.541279 43.635000 2.676134 28.116989
25.542068 43.635000 2.676134 28.116989
25.543413 40.116400 2.676134 28.116989
25.544110 40.116400 2.676134 28.116989
25.544316 34.185500 2.676134 28.116989
25.544221 34.185500 2.676134 28.116989
25.544018 34.185500 2.676134 28.116989
25.543171 30.581500 2.676134 28.116989
25.542048 30.581500 2.676134 28.116989
25.540854 26.790400 2.676134 28.116989
25.539224 26.790400 2.676134 28.116989
25.537005 24.044400 2.676134 28.116989
25.534417 21.008400 2.676134 28.116989
25.531645 21.008400 2.676134 28.116989
25.528683 18.851700 2.676134 28.116989
25.523873 18.851700 2.676134 28.116989
25.522381 18.851700 2.676134 28.116989
25.518660 16.890200 2.676134 28.116989
25.514788 16.890200 2.676134 28.116989
25.510456 15.157400 2.676134 28.116989
25.495949 11.732200 2.676134 28.116989
25.493098 11.732200 2.676134 28.116989
25.490670 11.732200 2.676134 28.116989
25.485140 10.496600 2.676134 28.116989
25.479000 10.496600 2.676134 28.116989
25.472236 9.491800 2.676134 28.116989
25.466090 9.491800 2.676134 28.116989
25.459159 8.564500 2.676134 28.116989
25.452248 7.662700 2.676134 28.116989
25.444872 7.662700 2.676134 28.116989
25.429668 7.662700 2.676134 28.116989
25.413259 5.624700 2.676134 28.116989
25.404194 5.624700 2.676134 28.116989
25.395758 5.624700 2.676134 28.116989
25.386602 5.010900 2.676134 28.116989
25.377668 5.010900 2.676134 28.116989
25.367395 4.419600 2.676134 28.116989
25.357411 4.419600 2.676134 28.116989
25.346520 3.987600 2.676134 28.116989
25.336382 3.625400 2.676134 28.116989
25.325452 3.625400 2.676134 28.116989
25.313664 3.625400 2.676134 28.116989
25.302780 3.264200 2.676134 28.116989
25.291094 2.975500 2.676134 28.116989
25.279120 2.975500 2.676134 28.116989
25.266436 2.975500 2.676134 28.116989
25.254674 2.712600 2.676134 28.116989
25.242056 2.712600 2.676134 28.116989
25.229070 2.369300 2.676134 28.116989
25.215139 2.170800 2.676134 28.116989
25.188537 2.170800 2.676134 28.116989
25.174590 1.967000 2.676134 28.116989
25.160433 1.791200 2.676134 28.116989
25.146047 1.791200 2.676134 28.116989
25.131445 1.667500 2.676134 28.116989
25.100936 1.541400 2.676134 28.116989
25.086262 1.541400 2.676134 28.116989
25.070505 1.541400 2.676134 28.116989
25.004803 1.541400 2.676134 28.116989
24.988107 1.226300 2.676134 28.116989
24.971113 1.138800 2.676134 28.116989
24.937436 1.138800 2.676134 28.116989
24.903290 1.138800 2.676134 28.116989
24.884811 1.138800 2.676134 28.116989
24.866524 0.912600 2.676134 28.116989
24.847782 0.912600 2.676134 28.116989
24.830327 0.879000 2.676134 28.116989
24.810581 0.879000 2.676134 28.116989
24.792713 0.842300 2.676134 28.116989
24.773467 0.842300 2.676134 28.116989
24.754176 0.808700 2.676134 28.116989
24.734620 0.808700 2.676134 28.116989
24.722806 0.808700 2.676134 28.116989
24.694846 0.808700 2.676134 28.116989
24.674609 0.742800 2.676134 28.116989
24.654404 0.719700 2.676134 28.116989
24.633667 0.719700 2.676134 28.116989
24.612876 0.719700 2.676134 28.116989
24.591903 0.685000 2.676134 28.116989
24.569827 0.685000 2.676134 28.116989
24.549370 0.658800 2.676134 28.116989
24.527327 0.658800 2.676134 28.116989
24.505548 0.643500 2.676134 28.116989
24.483394 0.627900 2.676134 28.116989
24.460843 0.627900 2.676134 28.116989
24.448299 0.627900 2.676134 28.116989
24.438322 0.610800 2.676134 28.116989
24.415044 0.610800 2.676134 28.116989
24.392052 0.602400 2.676134 28.116989
24.367583 0.602400 2.676134 28.116989
24.343989 0.590600 2.676134 28.116989
24.313116 0.590600 2.676134 28.116989
24.296377 0.570700 2.676134 28.116989
24.249080 0.570700 2.676134 28.116989
24.226323 0.579700 2.676134 28.116989
24.178211 0.557900 2.676134 28.116989
24.131427 0.557900 2.676134 28.116989
24.062165 0.512700 2.676134 28.116989
24.049720 0.512700 2.676134 28.116989
24.017050 0.512700 2.676134 28.116989
23.994555 0.515500 2.676134 28.116989
23.963532 0.515500 2.676134 28.116989
23.950318 0.515500 2.676134 28.116989
23.927921 0.515500 2.676134 28.116989
23.906182 0.497600 2.676134 28.116989
23.884518 0.493900 2.676134 28.116989
23.862082 0.493900 2.676134 28.116989
23.821264 0.495300 2.676134 28.116989
23.800038 0.487400 2.676134 28.116989
23.779559 0.487400 2.676134 28.116989
23.758550 0.483100 2.676134 28.116989
23.738653 0.482300 2.676134 28.116989
23.718377 0.482300 2.676134 28.116989
23.699606 0.492100 2.676134 28.116989
23.678779 0.492100 2.676134 28.116989
23.659825 0.486300 2.676134 28.116989
23.626210 0.486300 2.676134 28.116989
23.542316 0.486300 2.676134 28.116989
23.524763 0.486300 2.676134 28.116989
23.506218 0.491400 2.676134 28.116989
23.487816 0.491400 2.676134 28.116989
23.469922 0.491400 2.676134 28.116989
23.453076 0.491400 2.676134 28.116989
23.433300 0.486300 2.676134 28.116989
23.416646 0.488700 2.676134 28.116989
23.399168 0.488700 2.676134 28.116989
23.379867 0.481800 2.676134 28.116989
23.364836 0.477000 2.676134 28.116989
23.347557 0.477000 2.676134 28.116989
23.330747 0.477000 2.676134 28.116989
23.321361 0.486100 2.676134 28.116989
23.314175 0.486100 2.676134 28.116989
23.297649 0.481000 2.676134 28.116989
23.281535 0.481000 2.676134 28.116989
23.264983 0.483100 2.676134 28.116989
23.248902 0.478800 2.676134 28.116989
23.232873 0.478800 2.676134 28.116989
23.217240 0.478500 2.676134 28.116989
23.201856 0.478500 2.676134 28.116989
23.186004 0.475700 2.676134 28.116989
23.169956 0.475700 2.676134 28.116989
23.154866 0.477100 2.676134 28.116989
23.140533 0.481300 2.676134 28.116989
23.124985 0.481300 2.676134 28.116989
23.111064 0.481300 2.676134 28.116989
23.081985 0.480000 2.676134 28.116989
23.067619 0.480000 2.676134 28.116989
23.053570 0.475100 2.676134 28.116989
23.039649 0.475100 2.676134 28.116989
23.025282 0.473500 2.676134 28.116989
23.012402 0.473500 2.676134 28.116989
23.004685 0.473500 2.676134 28.116989
22.998674 0.467100 2.676134 28.116989
22.985198 0.467100 2.676134 28.116989
22.971728 0.460600 2.676134 28.116989
22.958530 0.460600 2.676134 28.116989
22.944609 0.463100 2.676134 28.116989
22.932465 0.463100 2.676134 28.116989
22.919640 0.474100 2.676134 28.116989
22.906975 0.474100 2.676134 28.116989
22.894307 0.476300 2.676134 28.116989
22.881761 0.477100 2.676134 28.116989
22.868926 0.477100 2.676134 28.116989
22.855070 0.470200 2.676134 28.116989
22.842291 0.470200 2.676134 28.116989
22.835154 0.470200 2.676134 28.116989
22.821216 0.470200 2.676134 28.116989
22.802442 0.502200 2.676134 28.116989
22.788701 0.496500 2.676134 28.116989
22.766320 0.488800 2.676134 28.116989
22.760538 0.488800 2.676134 28.116989
22.746142 0.488800 2.676134 28.116989
22.731390 0.496200 2.676134 28.116989
22.716277 0.496200 2.676134 28.116989
22.700972 0.482400 2.676134 28.116989
22.685529 0.490000 2.676134 28.116989
22.668941 0.490000 2.676134 28.116989
22.653799 0.493700 2.676134 28.116989
22.637711 0.493700 2.676134 28.116989
22.621346 0.491500 2.676134 28.116989
22.604332 0.491500 2.676134 28.116989
22.587442 0.498100 2.676134 28.116989
22.569329 0.495000 2.676134 28.116989
22.552708 0.495000 2.676134 28.116989
22.535204 0.497500 2.676134 28.116989
22.517496 0.497500 2.676134 28.116989
22.499360 0.496100 2.676134 28.116989
22.481129 0.496100 2.676134 28.116989
22.462450 0.497000 2.676134 28.116989
22.452001 0.497000 2.676134 28.116989
22.443538 0.497000 2.676134 28.116989
22.424433 0.495600 2.676134 28.116989
22.405217 0.483500 2.676134 28.116989
22.385540 0.483500 2.676134 28.116989
22.365813 0.494800 2.676134 28.116989
22.353790 0.494800 2.676134 28.116989
22.345739 0.494800 2.676134 28.116989
22.304843 0.499200 2.676134 28.116989
22.284158 0.500700 2.676134 28.116989
22.272688 0.500700 2.676134 28.116989
22.263230 0.500700 2.676134 28.116989
22.242502 0.500700 2.676134 28.116989
22.221257 0.494300 2.676134 28.116989
22.208288 0.494300 2.676134 28.116989
22.199531 0.494300 2.676134 28.116989
22.176476 0.484500 2.676134 28.116989
22.155405 0.484500 2.676134 28.116989
22.087864 0.496300 2.676134 28.116989
22.064822 0.489500 2.676134 28.116989
22.032137 0.489500 2.676134 28.116989
22.018019 0.495800 2.676134 28.116989
21.994431 0.495800 2.676134 28.116989
21.970807 0.487900 2.676134 28.116989
21.946711 0.490400 2.676134 28.116989
21.921052 0.490400 2.676134 28.116989
21.897899 0.490800 2.676134 28.116989
21.873313 0.490800 2.676134 28.116989
21.848432 0.490800 2.676134 28.116989
21.823185 0.490800 2.676134 28.116989
21.799030 0.495600 2.676134 28.116989
21.772360 0.495600 2.676134 28.116989
21.758232 0.495500 2.676134 28.116989
21.745289 0.495500 2.676134 28.116989
21.720693 0.495500 2.676134 28.116989
21.694618 0.485400 2.676134 28.116989
21.668239 0.479800 2.676134 28.116989
21.641620 0.479800 2.676134 28.116989
21.613627 0.485700 2.676134 28.116989
21.562030 0.487100 2.676134 28.116989
21.535817 0.482800 2.676134 28.116989
21.507553 0.482800 2.676134 28.116989
21.480185 0.460500 2.676134 28.116989
21.455088 0.460500 2.676134 28.116989
21.428856 0.461100 2.676134 28.116989
21.414041 0.461100 2.676134 28.116989
21.401979 0.461100 2.676134 28.116989
21.348974 0.464100 2.676134 28.116989
21.322529 0.477900 2.676134 28.116989
21.295917 0.486900 2.676134 28.116989
21.267810 0.486900 2.676134 28.116989
21.242465 0.479900 2.676134 28.116989
21.215506 0.479900 2.676134 28.116989
21.188144 0.468700 2.676134 28.116989
21.162783 0.468700 2.676134 28.116989
21.148302 0.479800 2.676134 28.116989
21.136308 0.479800 2.676134 28.116989
21.109847 0.482100 2.676134 28.116989
21.084675 0.482100 2.676134 28.116989
21.056901 0.486900 2.676134 28.116989
21.030404 0.486900 2.676134 28.116989
20.994406 0.486100 2.676134 28.116989
20.977465 0.486100 2.676134 28.116989
20.924257 0.480900 2.676134 28.116989
20.908543 0.480900 2.676134 28.116989
20.897963 0.480900 2.676134 28.116989
20.871154 0.479400 2.676134 28.116989
20.842959 0.481100 2.676134 28.116989
20.817754 0.481100 2.676134 28.116989
20.791270 0.482800 2.676134 28.116989
20.767191 0.482800 2.676134 28.116989
20.737702 0.484500 2.676134 28.116989
20.723182 0.484500 2.676134 28.116989
20.711316 0.484500 2.676134 28.116989
20.684554 0.480100 2.676134 28.116989
20.658534 0.480100 2.676134 28.116989
20.632050 0.477500 2.676134 28.116989
20.577222 0.480400 2.676134 28.116989
20.524215 0.474400 2.676134 28.116989
20.498476 0.487100 2.676134 28.116989
20.472110 0.487100 2.676134 28.116989
20.446290 0.484000 2.676134 28.116989
20.430909 0.484000 2.676134 28.116989
20.418788 0.473700 2.676134 28.116989
20.392510 0.473700 2.676134 28.116989
20.206927 0.489900 2.676134 28.116989
20.180488 0.489900 2.676134 28.116989
20.153912 0.480800 2.676134 28.116989
20.127471 0.480800 2.676134 28.116989
20.101065 0.483600 2.676134 28.116989
20.074453 0.483600 2.676134 28.116989
20.047661 0.480500 2.676134 28.116989
20.021003 0.480500 2.676134 28.116989
19.994935 0.493000 2.676134 28.116989
19.967518 0.489300 2.676134 28.116989
19.941155 0.489300 2.676134 28.116989
19.913247 0.489300 2.676134 28.116989
19.888225 0.476700 2.676134 28.116989
19.862059 0.476400 2.676134 28.116989
19.835381 0.476400 2.676134 28.116989
19.808586 0.477500 2.676134 28.116989
19.780652 0.483900 2.676134 28.116989
19.753978 0.483900 2.676134 28.116989
19.728920 0.488900 2.676134 28.116989
19.676462 0.485100 2.676134 28.116989
19.649670 0.485100 2.676134 28.116989
19.622473 0.486300 2.676134 28.116989
19.596578 0.486300 2.676134 28.116989
19.543377 0.475700 2.676134 28.116989
19.517200 0.478000 2.676134 28.116989
19.490991 0.494600 2.676134 28.116989
19.464474 0.494600 2.676134 28.116989
19.437672 0.498700 2.676134 28.116989
19.411224 0.498700 2.676134 28.116989
19.384527 0.492200 2.676134 28.116989
19.357849 0.492200 2.676134 28.116989
19.331925 0.479100 2.676134 28.116989
19.304868 0.479100 2.676134 28.116989
19.277984 0.478400 2.676134 28.116989
19.250099 0.483500 2.676134 28.116989
19.198312 0.486800 2.676134 28.116989
19.145226 0.470100 2.676134 28.116989
19.118696 0.467800 2.676134 28.116989
19.092123 0.467800 2.676134 28.116989
19.065776 0.467800 2.676134 28.116989
19.039059 0.477700 2.676134 28.116989
19.024274 0.477700 2.676134 28.116989
19.012323 0.477700 2.676134 28.116989
18.985708 0.477900 2.676134 28.116989
18.959607 0.470700 2.676134 28.116989
18.932658 0.481000 2.676134 28.116989
18.905771 0.481000 2.676134 28.116989
18.890331 0.481000 2.676134 28.116989
18.879790 0.476600 2.676134 28.116989
18.852596 0.476600 2.676134 28.116989
18.824937 0.462400 2.676134 28.116989
18.799879 0.462400 2.676134 28.116989
18.720302 0.484400 2.676134 28.116989
18.694109 0.484400 2.676134 28.116989
18.562660 0.479500 2.676134 28.116989
18.534942 0.479500 2.676134 28.116989
18.508248 0.479500 2.676134 28.116989
18.481551 0.480800 2.676134 28.116989
18.453565 0.480800 2.676134 28.116989
18.428547 0.484200 2.676134 28.116989
18.373654 0.477700 2.676134 28.116989
18.347183 0.476400 2.676134 28.116989
18.321899 0.476400 2.676134 28.116989
18.294505 0.476400 2.676134 28.116989
18.269192 0.469600 2.676134 28.116989
18.242329 0.469600 2.676134 28.116989
18.215707 0.475400 2.676134 28.116989
18.189177 0.475400 2.676134 28.116989
18.162784 0.475400 2.676134 28.116989
18.135734 0.482300 2.676134 28.116989
18.108104 0.482300 2.676134 28.116989
18.083606 0.471300 2.676134 28.116989
18.068078 0.471300 2.676134 28.116989
18.056137 0.471300 2.676134 28.116989
18.029963 0.464200 2.676134 28.116989
18.003725 0.462400 2.676134 28.116989
17.976982 0.462400 2.676134 28.116989
17.949126 0.469500 2.676134 28.116989
17.924213 0.469500 2.676134 28.116989
17.870852 0.469500 2.676134 28.116989
17.765356 0.480100 2.676134 28.116989
17.738646 0.480100 2.676134 28.116989
17.712175 0.477000 2.676134 28.116989
17.685740 0.477000 2.676134 28.116989
17.659350 0.477000 2.676134 28.116989
17.633066 0.486300 2.676134 28.116989
17.605989 0.482600 2.676134 28.116989
17.579403 0.482600 2.676134 28.116989
17.553089 0.486600 2.676134 28.116989
17.526589 0.486600 2.676134 28.116989
17.500055 0.491700 2.676134 28.116989
17.473365 0.491700 2.676134 28.116989
17.446688 0.474000 2.676134 28.116989
17.419909 0.474000 2.676134 28.116989
17.393516 0.475500 2.676134 28.116989
17.365497 0.475500 2.676134 28.116989
17.340289 0.487900 2.676134 28.116989
17.314728 0.476200 2.676134 28.116989
17.286970 0.476200 2.676134 28.116989
16.995810 0.476200 2.676134 28.116989
16.939710 0.476200 2.676134 28.116989
16.889048 0.476200 2.676134 28.116989
16.862701 0.480700 2.676134 28.116989
16.835795 0.500700 2.676134 28.116989
16.809468 0.500700 2.676134 28.116989
16.782620 0.478100 2.676134 28.116989
16.755949 0.484900 2.676134 28.116989
16.729832 0.484900 2.676134 28.116989
16.703495 0.476600 2.676134 28.116989
16.676785 0.479500 2.676134 28.116989
16.650052 0.479500 2.676134 28.116989
16.623302 0.480600 2.676134 28.116989
16.596847 0.480600 2.676134 28.116989
16.569895 0.489500 2.676134 28.116989
16.540387 0.489500 2.676134 28.116989
16.516531 0.483600 2.676134 28.116989
16.490501 0.469400 2.676134 28.116989
16.462197 0.469400 2.676134 28.116989
16.411068 0.472800 2.676134 28.116989
16.384554 0.466900 2.676134 28.116989
16.359880 0.466900 2.676134 28.116989
16.330899 0.466900 2.676134 28.116989
16.305331 0.473800 2.676134 28.116989
16.278820 0.481100 2.676134 28.116989
16.252555 0.481100 2.676134 28.116989
16.225750 0.473100 2.676134 28.116989
16.199423 0.473100 2.676134 28.116989
16.170236 0.482200 2.676134 28.116989
16.146327 0.482200 2.676134 28.116989
16.119571 0.479000 2.676134 28.116989
16.092887 0.479000 2.676134 28.116989
16.065136 0.483200 2.676134 28.116989
16.039460 0.483200 2.676134 28.116989
15.721246 0.472900 2.676134 28.116989
15.692677 0.472900 2.676134 28.116989
15.667941 0.469100 2.676134 28.116989
15.641162 0.469100 2.676134 28.116989
15.614674 0.470400 2.676134 28.116989
15.588252 0.477600 2.676134 28.116989
15.563080 0.477600 2.676134 28.116989
15.535159 0.477600 2.676134 28.116989
15.507088 0.489700 2.676134 28.116989
15.480620 0.493000 2.676134 28.116989
15.455454 0.493000 2.676134 28.116989
15.428790 0.490200 2.676134 28.116989
15.402470 0.490200 2.676134 28.116989
15.376031 0.476800 2.676134 28.116989
15.349118 0.476800 2.676134 28.116989
15.322487 0.483900 2.676134 28.116989
15.296078 0.483900 2.676134 28.116989
15.269266 0.491000 2.676134 28.116989
15.242320 0.477000 2.676134 28.116989
15.216297 0.477000 2.676134 28.116989
15.189774 0.475600 2.676134 28.116989
15.163417 0.474600 2.676134 28.116989
15.110108 0.477000 2.676134 28.116989
15.083297 0.477000 2.676134 28.116989
15.056891 0.482300 2.676134 28.116989
15.030587 0.482300 2.676134 28.116989
15.002578 0.488500 2.676134 28.116989
14.975347 0.471000 2.676134 28.116989
14.951327 0.471000 2.676134 28.116989
14.923907 0.471600 2.676134 28.116989
14.895992 0.471600 2.676134 28.116989
14.871079 0.467000 2.676134 28.116989
14.844608 0.467000 2.676134 28.116989
14.818163 0.472200 2.676134 28.116989
14.791724 0.493100 2.676134 28.116989
14.765364 0.493100 2.676134 28.116989
14.738746 0.493100 2.676134 28.116989
14.710815 0.487500 2.676134 28.116989
14.685493 0.480900 2.676134 28.116989
14.658999 0.480900 2.676134 28.116989
14.499386 0.478600 2.676134 28.116989
14.472450 0.478600 2.676134 28.116989
14.445917 0.484500 2.676134 28.116989
14.418798 0.484500 2.676134 28.116989
14.393203 0.476500 2.676134 28.116989
14.367171 0.476500 2.676134 28.116989
14.340601 0.464100 2.676134 28.116989
14.313855 0.464100 2.676134 28.116989
14.284488 0.467200 2.676134 28.116989
14.260677 0.467200 2.676134 28.116989
14.234049 0.476000 2.676134 28.116989
14.207028 0.476000 2.676134 28.116989
14.180845 0.481100 2.676134 28.116989
14.154884 0.481100 2.676134 28.116989
14.127235 0.466800 2.676134 28.116989
14.102456 0.466500 2.676134 28.116989
14.074924 0.466500 2.676134 28.116989
14.048325 0.464000 2.676134 28.116989
14.022001 0.464000 2.676134 28.116989
13.995602 0.470200 2.676134 28.116989
13.969043 0.484400 2.676134 28.116989
13.942022 0.484400 2.676134 28.116989
13.915688 0.473300 2.676134 28.116989
13.889331 0.473300 2.676134 28.116989
13.862441 0.471400 2.676134 28.116989
13.836189 0.474100 2.676134 28.116989
13.809640 0.474100 2.676134 28.116989
13.783031 0.478500 2.676134 28.116989
13.756429 0.478500 2.676134 28.116989
13.729869 0.481400 2.676134 28.116989
13.703549 0.481400 2.676134 28.116989
13.676308 0.489400 2.676134 28.116989
13.649755 0.473400 2.676134 28.116989
13.623464 0.473400 2.676134 28.116989
13.597045 0.475000 2.676134 28.116989
13.570672 0.475000 2.676134 28.116989
13.544227 0.479600 2.676134 28.116989
13.516388 0.479600 2.676134 28.116989
13.490968 0.486100 2.676134 28.116989
13.464585 0.486100 2.676134 28.116989
13.304134 0.473600 2.676134 28.116989
13.278694 0.473600 2.676134 28.116989
13.252275 0.470800 2.676134 28.116989
13.225742 0.470800 2.676134 28.116989
13.199303 0.489200 2.676134 28.116989
13.172711 0.489200 2.676134 28.116989
13.142987 0.488500 2.676134 28.116989
13.119837 0.488500 2.676134 28.116989
13.093072 0.478600 2.676134 28.116989
13.066479 0.478600 2.676134 28.116989
13.040349 0.465100 2.676134 28.116989
13.012038 0.476900 2.676134 28.116989
12.986559 0.476900 2.676134 28.116989
12.960019 0.490300 2.676134 28.116989
12.933440 0.490300 2.676134 28.116989
12.906474 0.490600 2.676134 28.116989
12.879944 0.490600 2.676134 28.116989
12.853479 0.488900 2.676134 28.116989
12.825611 0.488900 2.676134 28.116989
12.800485 0.472100 2.676134 28.116989
12.774125 0.472100 2.676134 28.116989
12.747392 0.491000 2.676134 28.116989
12.720662 0.491000 2.676134 28.116989
12.693936 0.485000 2.676134 28.116989
12.667438 0.495500 2.676134 28.116989
12.640453 0.495500 2.676134 28.116989
12.481469 0.495500 2.676134 28.116989
12.455155 0.483900 2.676134 28.116989
12.428785 0.483900 2.676134 28.116989
12.402429 0.483900 2.676134 28.116989
12.375548 0.492900 2.676134 28.116989
12.348815 0.492900 2.676134 28.116989
12.322465 0.477000 2.676134 28.116989
12.295853 0.477000 2.676134 28.116989
12.268099 0.479300 2.676134 28.116989
12.243048 0.482200 2.676134 28.116989
12.214931 0.482200 2.676134 28.116989
12.189573 0.489700 2.676134 28.116989
12.161819 0.489700 2.676134 28.116989
12.136705 0.493900 2.676134 28.116989
12.109645 0.493900 2.676134 28.116989
12.083118 0.489200 2.676134 28.116989
12.056631 0.489200 2.676134 28.116989
12.030274 0.484200 2.676134 28.116989
12.003872 0.487000 2.676134 28.116989
11.977191 0.487000 2.676134 28.116989
11.949182 0.495000 2.676134 28.116989
11.923935 0.495000 2.676134 28.116989
11.897270 0.483700 2.676134 28.116989
11.881467 0.483700 2.676134 28.116989
11.870753 0.483700 2.676134 28.116989
11.843736 0.486600 2.676134 28.116989
11.816695 0.486600 2.676134 28.116989
11.791719 0.470800 2.676134 28.116989
11.764407 0.459800 2.676134 28.116989
11.736846 0.459800 2.676134 28.116989
11.711393 0.474400 2.676134 28.116989
11.684823 0.474400 2.676134 28.116989
11.658408 0.478300 2.676134 28.116989
11.630791 0.478300 2.676134 28.116989
11.605580 0.488100 2.676134 28.116989
11.577387 0.488100 2.676134 28.116989
11.552435 0.478600 2.676134 28.116989
11.525748 0.478600 2.676134 28.116989
11.499015 0.478600 2.676134 28.116989
11.472743 0.478700 2.676134 28.116989
11.444750 0.478700 2.676134 28.116989
11.419359 0.470300 2.676134 28.116989
11.392642 0.470300 2.676134 28.116989
11.366325 0.479100 2.676134 28.116989
11.336431 0.479100 2.676134 28.116989
11.312266 0.473600 2.676134 28.116989
11.285900 0.473600 2.676134 28.116989
11.259360 0.473300 2.676134 28.116989
11.232850 0.473300 2.676134 28.116989
11.206441 0.475300 2.676134 28.116989
11.179865 0.484300 2.676134 28.116989
11.153135 0.484300 2.676134 28.116989
11.125289 0.474400 2.676134 28.116989
11.100242 0.474400 2.676134 28.116989
11.072141 0.482300 2.676134 28.116989
11.044865 0.482300 2.676134 28.116989
11.020681 0.489300 2.676134 28.116989
10.993257 0.473400 2.676134 28.116989
10.966773 0.473400 2.676134 28.116989
10.940560 0.473100 2.676134 28.116989
10.914034 0.473100 2.676134 28.116989
10.887546 0.486200 2.676134 28.116989
10.860914 0.486200 2.676134 28.116989
10.834456 0.484400 2.676134 28.116989
10.807890 0.484400 2.676134 28.116989
10.781265 0.485900 2.676134 28.116989
10.755602 0.473400 2.676134 28.116989
10.728199 0.473400 2.676134 28.116989
10.701871 0.470900 2.676134 28.116989
10.676892 0.470900 2.676134 28.116989
10.649145 0.478100 2.676134 28.116989
10.622517 0.478100 2.676134 28.116989
10.595816 0.481600 2.676134 28.116989
10.569191 0.484000 2.676134 28.116989
10.542275 0.484000 2.676134 28.116989
10.515640 0.481000 2.676134 28.116989
10.489722 0.481000 2.676134 28.116989
10.463012 0.469900 2.676134 28.116989
10.436947 0.469900 2.676134 28.116989
10.410489 0.468600 2.676134 28.116989
10.383638 0.468600 2.676134 28.116989
10.356810 0.474900 2.676134 28.116989
10.330178 0.488200 2.676134 28.116989
10.303531 0.488200 2.676134 28.116989
10.276663 0.490400 2.676134 28.116989
10.249044 0.490400 2.676134 28.116989
10.224081 0.477400 2.676134 28.116989
10.197135 0.477400 2.676134 28.116989
10.171103 0.472000 2.676134 28.116989
10.144291 0.472000 2.676134 28.116989
10.116400 0.476500 2.676134 28.116989
10.091434 0.474400 2.676134 28.116989
10.064972 0.474400 2.676134 28.116989
10.038207 0.485100 2.676134 28.116989
10.011411 0.485100 2.676134 28.116989
9.984986 0.475000 2.676134 28.116989
9.958410 0.481600 2.676134 28.116989
9.930538 0.481600 2.676134 28.116989
9.905779 0.481200 2.676134 28.116989
9.878997 0.481200 2.676134 28.116989
9.851171 0.475800 2.676134 28.116989
9.825698 0.475800 2.676134 28.116989
9.799338 0.479700 2.676134 28.116989
9.772611 0.478000 2.676134 28.116989
9.745538 0.478000 2.676134 28.116989
9.728459 0.478000 2.676134 28.116989
9.719122 0.467300 2.676134 28.116989
9.692749 0.467300 2.676134 28.116989
9.665064 0.473600 2.676134 28.116989
9.639899 0.473600 2.676134 28.116989
9.613437 0.476600 2.676134 28.116989
9.586730 0.473500 2.676134 28.116989
9.554761 0.473500 2.676134 28.116989
9.533641 0.483000 2.676134 28.116989
9.506770 0.483000 2.676134 28.116989
9.478768 0.483900 2.676134 28.116989
9.454142 0.483900 2.676134 28.116989
9.426712 0.469300 2.676134 28.116989
9.400594 0.465300 2.676134 28.116989
9.374637 0.465300 2.676134 28.116989
9.347740 0.474800 2.676134 28.116989
9.319989 0.474800 2.676134 28.116989
9.295037 0.474900 2.676134 28.116989
9.268500 0.474900 2.676134 28.116989
9.241669 0.488700 2.676134 28.116989
9.213728 0.488700 2.676134 28.116989
9.189221 0.486200 2.676134 28.116989
9.159448 0.469300 2.676134 28.116989
9.135621 0.469300 2.676134 28.116989
9.109280 0.471600 2.676134 28.116989
9.082443 0.471600 2.676134 28.116989
9.055615 0.476100 2.676134 28.116989
9.029071 0.476100 2.676134 28.116989
9.002427 0.474800 2.676134 28.116989
8.975478 0.478900 2.676134 28.116989
8.949056 0.478900 2.676134 28.116989
8.894719 0.474400 2.676134 28.116989
8.868480 0.472300 2.676134 28.116989
8.843344 0.472300 2.676134 28.116989
8.816638 0.472300 2.676134 28.116989
8.789901 0.478100 2.676134 28.116989
8.763430 0.478100 2.676134 28.116989
8.736867 0.481600 2.676134 28.116989
8.709820 0.481600 2.676134 28.116989
8.683405 0.477100 2.676134 28.116989
8.657755 0.474700 2.676134 28.116989
8.630358 0.474700 2.676134 28.116989
8.604057 0.470400 2.676134 28.116989
8.577755 0.470400 2.676134 28.116989
8.549799 0.475900 2.676134 28.116989
8.524954 0.475900 2.676134 28.116989
8.498473 0.482800 2.676134 28.116989
8.471943 0.494400 2.676134 28.116989
8.445033 0.494400 2.676134 28.116989
8.418464 0.489600 2.676134 28.116989
8.392323 0.489600 2.676134 28.116989
8.365282 0.473700 2.676134 28.116989
8.337541 0.459800 2.676134 28.116989
8.312422 0.459800 2.676134 28.116989
8.285905 0.470900 2.676134 28.116989
8.257902 0.470900 2.676134 28.116989
8.232671 0.475800 2.676134 28.116989
8.205019 0.475800 2.676134 28.116989
8.180472 0.475800 2.676134 28.116989
7.966644 0.475800 2.676134 28.116989
7.939868 0.491300 2.676134 28.116989
7.912890 0.491300 2.676134 28.116989
7.889102 0.490000 2.676134 28.116989
7.860461 0.490000 2.676134 28.116989
7.832481 0.476100 2.676134 28.116989
7.807722 0.476100 2.676134 28.116989
7.781100 0.479800 2.676134 28.116989
7.728148 0.481700 2.676134 28.116989
7.700361 0.496700 2.676134 28.116989
7.674898 0.496700 2.676134 28.116989
7.648302 0.494600 2.676134 28.116989
7.622021 0.494600 2.676134 28.116989
7.605678 0.478500 2.676134 28.116989
7.595049 0.478500 2.676134 28.116989
7.568732 0.478500 2.676134 28.116989
7.542470 0.479200 2.676134 28.116989
7.515652 0.479200 2.676134 28.116989
7.488785 0.479200 2.676134 28.116989
7.460841 0.487700 2.676134 28.116989
7.436065 0.489800 2.676134 28.116989
7.408533 0.487600 2.676134 28.116989
7.381961 0.487600 2.676134 28.116989
7.356468 0.474600 2.676134 28.116989
7.329100 0.474600 2.676134 28.116989
7.302914 0.479300 2.676134 28.116989
7.277823 0.479300 2.676134 28.116989
7.249883 0.477100 2.676134 28.116989
7.223333 0.477100 2.676134 28.116989
7.196724 0.493300 2.676134 28.116989
7.170185 0.501400 2.676134 28.116989
7.143455 0.501400 2.676134 28.116989
7.118253 0.497500 2.676134 28.116989
7.089138 0.486500 2.676134 28.116989
7.063194 0.486500 2.676134 28.116989
7.037629 0.486500 2.676134 28.116989
7.010546 0.479400 2.676134 28.116989
6.984281 0.485200 2.676134 28.116989
6.957960 0.485200 2.676134 28.116989
6.931564 0.489300 2.676134 28.116989
6.903558 0.489300 2.676134 28.116989
6.851807 0.498200 2.676134 28.116989
6.824681 0.498200 2.676134 28.116989
6.798442 0.476400 2.676134 28.116989
6.772125 0.476400 2.676134 28.116989
6.745520 0.481400 2.676134 28.116989
6.718836 0.481400 2.676134 28.116989
6.692211 0.487200 2.676134 28.116989
6.665553 0.487200 2.676134 28.116989
6.637550 0.499600 2.676134 28.116989
6.612172 0.502800 2.676134 28.116989
6.584536 0.502800 2.676134 28.116989
6.557682 0.485600 2.676134 28.116989
6.532677 0.485600 2.676134 28.116989
6.478563 0.485600 2.676134 28.116989
6.372930 0.485600 2.676134 28.116989
6.346335 0.505700 2.676134 28.116989
6.320904 0.488800 2.676134 28.116989
6.294521 0.488800 2.676134 28.116989
6.266633 0.484500 2.676134 28.116989
6.239700 0.484500 2.676134 28.116989
6.214561 0.471600 2.676134 28.116989
6.188110 0.475700 2.676134 28.116989
6.161939 0.475700 2.676134 28.116989
6.134208 0.490600 2.676134 28.116989
6.108735 0.490600 2.676134 28.116989
6.081855 0.502500 2.676134 28.116989
6.055508 0.502500 2.676134 28.116989
6.029080 0.506800 2.676134 28.116989
5.975810 0.492500 2.676134 28.116989
5.949005 0.481400 2.676134 28.116989
5.921048 0.481400 2.676134 28.116989
5.895755 0.485400 2.676134 28.116989
5.869402 0.492300 2.676134 28.116989
5.842714 0.492300 2.676134 28.116989
5.815690 0.492300 2.676134 28.116989
5.789124 0.485900 2.676134 28.116989
5.762731 0.479700 2.676134 28.116989
5.736057 0.479700 2.676134 28.116989
5.683027 0.479700 2.676134 28.116989
5.533264 0.479700 2.676134 28.116989
5.522674 0.479700 2.676134 28.116989
5.470265 0.482700 2.676134 28.116989
5.443994 0.482700 2.676134 28.116989
5.416184 0.474500 2.676134 28.116989
5.391196 0.474500 2.676134 28.116989
5.363510 0.487100 2.676134 28.116989
5.338404 0.487100 2.676134 28.116989
5.310224 0.505200 2.676134 28.116989
5.284974 0.505200 2.676134 28.116989
5.259366 0.502700 2.676134 28.116989
5.230817 0.502700 2.676134 28.116989
5.205825 0.492100 2.676134 28.116989
5.179220 0.486000 2.676134 28.116989
5.152438 0.486000 2.676134 28.116989
5.125901 0.493900 2.676134 28.116989
5.099355 0.493900 2.676134 28.116989
5.072736 0.501400 2.676134 28.116989
5.045771 0.500200 2.676134 28.116989
5.019424 0.500200 2.676134 28.116989
